2030 0.95
2032 0.95
2034 0.95
2036 0.95
2038 0.95
2040 0.95
2042 0.95
2044 0.95
2046 0.95
2048 0.95
2050 0.95
2052 0.95
2054 0.95
2056 0.95
2058 0.95
2060 0.95
2062 0.95
2064 0.95
2066 0.95
2068 0.95
2070 0.95
2072 0.95
2074 0.95
2076 0.95
2078 0.95
2080 0.95
2082 0.95
2084 0.95
2086 0.95
2088 0.95
2090 0.95
2092 0.95
2094 0.95
2096 0.95
2098 0.95
2100 0.95
2102 0.95
2104 0.95
2106 0.95
2108 0.95
2110 0.95
2112 0.95
2114 0.95
2116 0.95
2118 0.95
2120 0.95
2122 0.95
2124 0.95
2126 0.95
2128 0.95
2130 0.95
2132 0.95
2134 0.95
2136 0.95
2138 0.95
2140 0.95
2142 0.95
2144 0.95
2146 0.95
2148 0.95
2150 0.95
2152 0.95
2154 0.95
2156 0.95
2158 0.95
2160 0.95
2162 0.95
2164 0.95
2166 0.95
2168 0.95
2170 0.95
2172 0.95
2174 0.95
2176 0.95
2178 0.95
2180 0.95
2182 0.95
2184 0.95
2186 0.95
2188 0.95
2190 0.95
2192 0.95
2194 0.95
2196 0.95
2198 0.95
2200 0.95
2202 0.95
2204 0.95
2206 0.95
2208 0.95
2210 0.95
2212 0.95
2214 0.95
2216 0.95
2218 0.95
2220 0.95
2222 0.95
2224 0.95
2226 0.95
2228 0.95
2230 0.95
2232 0.95
2234 0.95
2236 0.95
2238 0.95
2240 0.95
2242 0.95
2244 0.95
2246 0.95
2248 0.95
2250 0.95
2252 0.95
2254 0.95
2256 0.95
2258 0.95
2260 0.95
2262 0.95
2264 0.95
2266 0.95
2268 0.95
2270 0.95
2272 0.95
2274 0.95
2276 0.95
2278 0.95
2280 0.95
2282 0.95
2284 0.95
2286 0.95
2288 0.95
2290 0.95
2292 0.95
2294 0.95
2296 0.95
2298 0.95
2300 0.95
2302 0.95
2304 0.95
2306 0.95
2308 0.95
2310 0.95
2312 0.95
2314 0.95
2316 0.95
2318 0.95
2320 0.95
2322 0.95
2324 0.95
2326 0.95
2328 0.95
2330 0.95
2332 0.95
2334 0.95
2336 0.95
2338 0.95
2340 0.95
2342 0.95
2344 0.95
2346 0.95
2348 0.95
2350 0.95
2352 0.95
2354 0.95
2356 0.95
2358 0.95
2360 0.95
2362 0.95
2364 0.95
2366 0.95
2368 0.95
2370 0.95
2372 0.95
2374 0.95
2376 0.95
2378 0.95
2380 0.95
2382 0.95
2384 0.95
2386 0.95
2388 0.95
2390 0.95
2392 0.95
2394 0.95
2396 0.95
2398 0.95
2400 0.95
