2030 0.855167755
2040 0.858326583
2050 0.861275819
2060 0.864022195
2070 0.866564266
2080 0.868902992
2090 0.871051782
2100 0.873011732
2110 0.874779587
2120 0.876338669
2130 0.877597439
2140 0.879072136
2150 0.881180108
2160 0.882515957
2170 0.883508242
2180 0.884273674
2190 0.884857700
2200 0.885282702
2210 0.885561902
2220 0.885694275
2230 0.885690730
2240 0.885565057
2250 0.885325806
2260 0.884991358
2270 0.884099986
2280 0.883645043
2290 0.883088034
2300 0.882368293
2310 0.881506233
2320 0.880525329
2330 0.879435287
2340 0.878242941
2350 0.876953546
2360 0.875571427
2370 0.874100329
2380 0.872543619
2390 0.870910855
2400 0.869202695
