2400 0.98072762
2399 0.98023058
2398 0.97978677
2397 0.97982245
2396 0.980483675
2395 0.980636775
2394 0.98077404
2393 0.98143108
2392 0.981998045
2391 0.981725215
2390 0.981413925
2389 0.981586235
2388 0.98143695
2387 0.980723385
2386 0.97995085
2385 0.980558085
2384 0.98100374
2383 0.98092155
2382 0.98118406
2381 0.981889
2380 0.982592675
2379 0.982712425
2378 0.98305005
2377 0.98274948
2376 0.982111475
2375 0.981566585
2374 0.98114855
2373 0.98126867
2372 0.98114622
2371 0.98165835
2370 0.98270609
2369 0.98261839
2368 0.98231582
2367 0.982083795
2366 0.98205637
2365 0.98182896
2364 0.981102455
2363 0.980899625
2362 0.98046399
2361 0.98017327
2360 0.980210725
2359 0.98048889
2358 0.981228065
2357 0.98167572
2356 0.982087705
2355 0.98218155
2354 0.98177665
2353 0.98103752
2352 0.980882965
2351 0.981137235
2350 0.980593445
2349 0.980142065
2348 0.98077201
2347 0.98123548
2346 0.98149368
2345 0.98168492
2344 0.981868585
2343 0.981538815
2342 0.980595415
2341 0.980465315
2340 0.98053949
2339 0.980495055
2338 0.981151875
2337 0.98140131
2336 0.981407725
2335 0.981504345
2334 0.982031795
2333 0.981892775
2332 0.98122026
2331 0.98087179
2330 0.980968565
2329 0.981433635
2328 0.98157839
2327 0.98172273
2326 0.981880825
2325 0.982082765
2324 0.982211105
2323 0.982793875
2322 0.982368225
2321 0.981817055
2320 0.98180018
2319 0.981836585
2318 0.981715765
2317 0.98215914
2316 0.98280039
2315 0.98290578
2314 0.982473875
2313 0.982775085
2312 0.98278039
2311 0.9821646
2310 0.98229873
2309 0.98260688
2308 0.982653715
2307 0.983483905
2306 0.984001175
2305 0.98360565
2304 0.98321376
2303 0.982979405
2302 0.982938385
2301 0.982851035
2300 0.983192165
2299 0.983441045
2298 0.983674085
2297 0.984253225
2296 0.98419587
2295 0.983935115
2294 0.98434981
2293 0.98334479
2292 0.98256657
2291 0.98261482
2290 0.982893205
2289 0.98284221
2288 0.98319493
2287 0.98329789
2286 0.98325705
2285 0.98376018
2284 0.98223712
2283 0.98214971
2282 0.98249878
2281 0.982808135
2280 0.982728385
2279 0.98364692
2278 0.983389145
2277 0.983179185
2276 0.98317998
2275 0.98337879
2274 0.983212755
2273 0.98305095
2272 0.983192545
2271 0.983000705
2270 0.98245595
2269 0.982470795
2268 0.982053845
2267 0.98243781
2266 0.9825559
2265 0.982430885
2264 0.9818053
2263 0.981588165
2262 0.98177712
2261 0.981875375
2260 0.982304625
2259 0.982196615
2258 0.9823599
2257 0.982325375
2256 0.981943825
2255 0.981701185
2254 0.98118872
2253 0.9812337
2252 0.9810083
2251 0.98168752
2250 0.981844685
2249 0.98152939
2248 0.98147524
2247 0.981752675
2246 0.981547735
2245 0.982168745
2244 0.98259475
2243 0.98246433
2242 0.981244295
2241 0.98143735
2240 0.98157762
2239 0.982316095
2238 0.982889315
2237 0.983032265
2236 0.983009705
2235 0.982440115
2234 0.98242475
2233 0.982928435
2232 0.98327484
2231 0.983599025
2230 0.984237185
2229 0.98299662
2228 0.98209644
2227 0.98216481
2226 0.983204785
2225 0.983585775
2224 0.9830783
2223 0.982985635
2222 0.984037895
2221 0.983044105
2220 0.982394325
2219 0.981757815
2218 0.982402095
2217 0.982836795
2216 0.983201815
2215 0.98241699
2214 0.98276392
2213 0.982882735
2212 0.98281075
2211 0.982813575
2210 0.98320296
2209 0.982966515
2208 0.98266932
2207 0.98326444
2206 0.98366548
2205 0.983129155
2204 0.983435495
2203 0.982892605
2202 0.98289289
2201 0.98216708
2200 0.98207998
2199 0.982714525
2198 0.98247306
2197 0.982239055
2196 0.982848785
2195 0.982468235
2194 0.982102055
2193 0.981714985
2192 0.98214402
2191 0.982198325
2190 0.98204851
2189 0.982236885
2188 0.98212066
2187 0.9823283
2186 0.98243537
2185 0.981459155
2184 0.982127945
2183 0.98242057
2182 0.983023835
2181 0.983396785
2180 0.982128205
2179 0.981646675
2178 0.98228939
2177 0.982455715
2176 0.982242315
2175 0.981601325
2174 0.98180743
2173 0.98262867
2172 0.98272203
2171 0.981737135
2170 0.98198682
2169 0.981787455
2168 0.982327945
2167 0.982878895
2166 0.9820474
2165 0.982156985
2164 0.981879
2163 0.98257284
2162 0.982440745
2161 0.981458955
2160 0.982193725
2159 0.982136185
2158 0.982522235
2157 0.982680525
2156 0.982728665
2155 0.98284833
2154 0.982918885
2153 0.982568495
2152 0.982638665
2151 0.98235032
2150 0.98310798
2149 0.98291634
2148 0.983917705
2147 0.983532635
2146 0.98320336
2145 0.98266891
2144 0.98224754
2143 0.982543345
2142 0.983726175
2141 0.98396648
2140 0.984137495
2139 0.98390976
2138 0.983454075
2137 0.982676985
2136 0.982400955
2135 0.98213943
2134 0.98204003
2133 0.98167536
2132 0.981374195
2131 0.981144265
2130 0.98229715
2129 0.982126245
2128 0.98198776
2127 0.982075275
2126 0.98178796
2125 0.981125085
2124 0.981677655
2123 0.982420075
2122 0.98228468
2121 0.98218932
2120 0.981888915
2119 0.981271885
2118 0.98086994
2117 0.980676375
2116 0.980900535
2115 0.98094928
2114 0.980811925
2113 0.98070942
2112 0.98116337
2111 0.98111609
2110 0.98088023
2109 0.98016773
2108 0.980020805
2107 0.98045173
2106 0.98111128
2105 0.981135775
2104 0.9811078
2103 0.980831925
2102 0.98056598
2101 0.98025158
2100 0.980097775
2099 0.980286525
2098 0.98049649
2097 0.9806698
2096 0.980668315
2095 0.98081107
2094 0.9810065
2093 0.980943605
2092 0.981378795
2091 0.98125401
2090 0.98034922
2089 0.980486385
2088 0.980810475
2087 0.981088915
2086 0.98102897
2085 0.980637155
2084 0.98043211
2083 0.98072565
2082 0.98090831
2081 0.98135847
2080 0.981507335
2079 0.98110351
2078 0.98138023
2077 0.98169369
2076 0.981670045
2075 0.981493425
2074 0.980995655
2073 0.980746515
2072 0.98118455
2071 0.98160066
2070 0.9819874
2069 0.981988385
2068 0.98113503
2067 0.98124533
2066 0.981404355
2065 0.98113016
2064 0.98086828
2063 0.98103353
2062 0.98115902
2061 0.980955675
2060 0.98086614
2059 0.981199175
2058 0.98143053
2057 0.98136873
2056 0.98120241
2055 0.981365495
2054 0.98136936
2053 0.981400165
2052 0.981619325
2051 0.981628025
2050 0.98167389
2049 0.981887275
2048 0.98210476
2047 0.98229435
2046 0.982286825
2045 0.98219218
2044 0.98210374
2043 0.981748
2042 0.981631165
2041 0.9812346
2040 0.98070326
2039 0.981164445
2038 0.981448385
2037 0.98180221
2036 0.98210786
2035 0.98180194
2034 0.98176708
2033 0.98160966
2032 0.98138583
2031 0.981545415
2030 0.982002245
