2030.00000 0.96470
2032.00000 0.96470
2034.00000 0.96470
2036.00000 0.96470
2038.00000 0.96460
2040.00000 0.96450
2042.00000 0.96450
2044.00000 0.96440
2046.00000 0.96440
2048.00000 0.96440
2050.00000 0.96440
2052.00000 0.96440
2054.00000 0.96440
2056.00000 0.96450
2058.00000 0.96450
2060.00000 0.96450
2062.00000 0.96460
2064.00000 0.96470
2066.00000 0.96470
2068.00000 0.96480
2070.00000 0.96490
2072.00000 0.96500
2074.00000 0.96510
2076.00000 0.96520
2078.00000 0.96530
2080.00000 0.96540
2082.00000 0.96550
2084.00000 0.96550
2086.00000 0.96550
2088.00000 0.96560
2090.00000 0.96560
2092.00000 0.96560
2094.00000 0.96570
2096.00000 0.96570
2098.00000 0.96570
2100.00000 0.96570
2102.00000 0.96580
2104.00000 0.96580
2106.00000 0.96580
2108.00000 0.96580
2110.00000 0.96580
2112.00000 0.96590
2114.00000 0.96590
2116.00000 0.96600
2118.00000 0.96610
2120.00000 0.96610
2122.00000 0.96610
2124.00000 0.96610
2126.00000 0.96620
2128.00000 0.96620
2130.00000 0.96620
2132.00000 0.96620
2134.00000 0.96620
2136.00000 0.96630
2138.00000 0.96630
2140.00000 0.96630
2142.00000 0.96640
2144.00000 0.96640
2146.00000 0.96640
2148.00000 0.96650
2150.00000 0.96650
2152.00000 0.96650
2154.00000 0.96660
2156.00000 0.96660
2158.00000 0.96660
2160.00000 0.96660
2162.00000 0.96670
2164.00000 0.96670
2166.00000 0.96680
2168.00000 0.96680
2170.00000 0.96680
2172.00000 0.96690
2174.00000 0.96690
2176.00000 0.96690
2178.00000 0.96690
2180.00000 0.96690
2182.00000 0.96690
2184.00000 0.96690
2186.00000 0.96690
2188.00000 0.96690
2190.00000 0.96690
2192.00000 0.96690
2194.00000 0.96700
2196.00000 0.96700
2198.00000 0.96710
2200.00000 0.96710
2202.00000 0.96720
2204.00000 0.96720
2206.00000 0.96730
2208.00000 0.96730
2210.00000 0.96730
2212.00000 0.96730
2214.00000 0.96730
2216.00000 0.96730
2218.00000 0.96720
2220.00000 0.96720
2222.00000 0.96720
2224.00000 0.96720
2226.00000 0.96720
2228.00000 0.96730
2230.00000 0.96730
2232.00000 0.96730
2234.00000 0.96730
2236.00000 0.96730
2238.00000 0.96730
2240.00000 0.96730
2242.00000 0.96730
2244.00000 0.96730
2246.00000 0.96730
2248.00000 0.96730
2250.00000 0.96730
2252.00000 0.96730
2254.00000 0.96730
2256.00000 0.96740
2258.00000 0.96740
2260.00000 0.96740
2262.00000 0.96750
2264.00000 0.96760
2266.00000 0.96760
2268.00000 0.96760
2270.00000 0.96770
2272.00000 0.96770
2274.00000 0.96780
2276.00000 0.96780
2278.00000 0.96780
2280.00000 0.96790
2282.00000 0.96790
2284.00000 0.96790
2286.00000 0.96790
2288.00000 0.96800
2290.00000 0.96800
2292.00000 0.96800
2294.00000 0.96810
2296.00000 0.96810
2298.00000 0.96810
2300.00000 0.96820
2302.00000 0.96830
2304.00000 0.96830
2306.00000 0.96840
2308.00000 0.96840
2310.00000 0.96850
2312.00000 0.96850
2314.00000 0.96850
2316.00000 0.96850
2318.00000 0.96850
2320.00000 0.96850
2322.00000 0.96850
2324.00000 0.96850
2326.00000 0.96850
2328.00000 0.96860
2330.00000 0.96860
2332.00000 0.96860
2334.00000 0.96860
2336.00000 0.96860
2338.00000 0.96860
2340.00000 0.96870
2342.00000 0.96870
2344.00000 0.96880
2346.00000 0.96880
2348.00000 0.96890
2350.00000 0.96890
2352.00000 0.96890
2354.00000 0.96890
2356.00000 0.96900
2358.00000 0.96900
2360.00000 0.96900
2362.00000 0.96900
2364.00000 0.96900
2366.00000 0.96900
2368.00000 0.96900
2370.00000 0.96910
2372.00000 0.96910
2374.00000 0.96910
2376.00000 0.96920
2378.00000 0.96920
2380.00000 0.96920
2382.00000 0.96920
2384.00000 0.96920
2386.00000 0.96920
2388.00000 0.96920
2390.00000 0.96920
2392.00000 0.96920
2394.00000 0.96930
2396.00000 0.96930
2398.00000 0.96930
2400.00000 0.96930
