  0.452000   7591.000000   6240.000000   7467.000000   6281.000000   5276.000000   5321.000000
  0.465400   7802.000000   6575.000000   7770.000000   6524.000000   5400.000000   5568.000000
  0.481300   7951.000000   6777.000000   7920.000000   6704.000000   5694.000000   5794.000000
  0.511000   8503.000000   7644.000000   8652.000000   7403.000000   6292.000000   6403.000000
  0.526600   8757.000000   8211.000000   9029.000000   7803.000000   6701.000000   6823.000000
  0.542000   9089.000000   8788.000000   9446.000000   8212.000000   7116.000000   7266.000000
  0.557400   9426.000000   9332.000000   9908.000000   8644.000000   7566.000000   7722.000000
  0.572300   9785.000000   9868.000000  10373.000000   9072.000000   7991.000000   8164.000000
  0.587500   9997.000000  10240.000000  10670.000000   9364.000000   8340.000000   8519.000000
  0.602900  10103.000000  10444.000000  10817.000000   9535.000000   8560.000000   8759.000000
  0.618600  10199.000000  10635.000000  10948.000000   9678.000000   8697.000000   8875.000000
  0.633700  10299.000000  10797.000000  11045.000000   9807.000000   8788.000000   9009.000000
  0.648700  10390.000000  10965.000000  11168.000000   9947.000000   8929.000000   9118.000000
  0.663900  10408.000000  11082.000000  11207.000000  10045.000000   8992.000000   9217.000000
  0.679300  10504.000000  11257.000000  11322.000000  10171.000000   9109.000000   9304.000000
  0.694600  10689.000000  11398.000000  11444.000000  10306.000000   9223.000000   9418.000000
  0.709800  10837.000000  11543.000000  11518.000000  10426.000000   9326.000000   9486.000000
  0.725000  11033.000000  11707.000000  11619.000000  10570.000000   9407.000000   9595.000000
  0.740000  10968.000000  11696.000000  11609.000000  10611.000000   9467.000000   9654.000000
  0.755100  11031.000000  11822.000000  11694.000000  10710.000000   9534.000000   9699.000000
  0.770200  11052.000000  11870.000000  11730.000000  10760.000000   9626.000000   9771.000000
  0.785200  11186.000000  12003.000000  11842.000000  10918.000000   9714.000000   9855.000000
  0.800400  11304.000000  12081.000000  11906.000000  11016.000000   9800.000000   9916.000000
  0.815600  11510.000000  12198.000000  11992.000000  11104.000000   9824.000000   9983.000000
  0.830600  11480.000000  12160.000000  11988.000000  11096.000000   9859.000000   9989.000000
  0.845900  11458.000000  12078.000000  11979.000000  11048.000000   9851.000000   9947.000000
  0.861000  11510.000000  11999.000000  12002.000000  11048.000000   9815.000000   9910.000000
  0.876200  11506.000000  11959.000000  11926.000000  11018.000000   9763.000000   9879.000000
  0.890500  11589.000000  11948.000000  11924.000000  11051.000000   9720.000000   9898.000000
  0.897600  11612.000000  11952.000000  11959.000000  11027.000000   9831.000000   9911.000000
  0.913600  11790.000000  12147.000000  12050.000000  11199.000000   9931.000000  10033.000000
  0.929900  11525.000000  12057.000000  11977.000000  11098.000000   9820.000000   9915.000000
  0.945500  11774.000000  12210.000000  12127.000000  11250.000000   9967.000000  10085.000000
  0.961600  12070.000000  12343.000000  12232.000000  11438.000000  10180.000000  10266.000000
  0.977100  12066.000000  12375.000000  12245.000000  11438.000000  10227.000000  10269.000000
  0.992900  11965.000000  12364.000000  12254.000000  11419.000000  10230.000000  10325.000000
  1.008900  11893.000000  12380.000000  12270.000000  11460.000000  10265.000000  10329.000000
  1.024200  11931.000000  12394.000000  12274.000000  11461.000000  10234.000000  10322.000000
  1.039600  11957.000000  12453.000000  12315.000000  11508.000000  10284.000000  10381.000000
  1.055300  12031.000000  12485.000000  12342.000000  11524.000000  10270.000000  10367.000000
  1.070300  12125.000000  12595.000000  12397.000000  11560.000000  10350.000000  10429.000000
  1.085400  12166.000000  12665.000000  12395.000000  11600.000000  10395.000000  10481.000000
  1.100500  12319.000000  12792.000000  12475.000000  11699.000000  10484.000000  10553.000000
  1.115500  11841.000000  12587.000000  12282.000000  11479.000000  10374.000000  10437.000000
  1.130300  12071.000000  12819.000000  12462.000000  11687.000000  10291.000000  10339.000000
  1.144900  12537.000000  13060.000000  12578.000000  11883.000000  10660.000000  10727.000000
  1.159500  12868.000000  13242.000000  12749.000000  12067.000000  10903.000000  10956.000000
  1.174200  12770.000000  13271.000000  12768.000000  12060.000000  10898.000000  11000.000000
  1.188700  12729.000000  13307.000000  12767.000000  12096.000000  10891.000000  10980.000000
  1.203100  12637.000000  13366.000000  12791.000000  12101.000000  10878.000000  10967.000000
  1.217400  12660.000000  13484.000000  12813.000000  12147.000000  10899.000000  10968.000000
  1.231600  12668.000000  13527.000000  12857.000000  12179.000000  10938.000000  10977.000000
  1.245900  12721.000000  13601.000000  12906.000000  12220.000000  10943.000000  11005.000000
  1.260200  12849.000000  13732.000000  13007.000000  12315.000000  10987.000000  11050.000000
  1.274300  12918.000000  13861.000000  13058.000000  12369.000000  11042.000000  11063.000000
  1.288200  12875.000000  13802.000000  13064.000000  12362.000000  11049.000000  11127.000000
  1.302100  12864.000000  13901.000000  13052.000000  12362.000000  11141.000000  11208.000000
  1.316200  13015.000000  14066.000000  13127.000000  12456.000000  11213.000000  11268.000000
  1.330200  12875.000000  14078.000000  13097.000000  12399.000000  11177.000000  11231.000000
  1.343600  11838.000000  13707.000000  12689.000000  12016.000000  10735.000000  10856.000000
  1.406800   5760.000000   7936.000000   7683.000000   6984.000000   8997.000000   7365.000000
  1.421300  10565.000000  12132.000000  10551.000000  10505.000000  11001.000000  10541.000000
  1.435600  12107.000000  13907.000000  11722.000000  11797.000000  11737.000000  11430.000000
  1.449700  13067.000000  15106.000000  12496.000000  12790.000000  11856.000000  11680.000000
  1.463700  13097.000000  15261.000000  12697.000000  12915.000000  11772.000000  11492.000000
  1.477800  12990.000000  15284.000000  12757.000000  12906.000000  11622.000000  11440.000000
  1.491800  13271.000000  15502.000000  13008.000000  13185.000000  11719.000000  11665.000000
  1.505400  13233.000000  15477.000000  13028.000000  13169.000000  11691.000000  11669.000000
  1.519100  13293.000000  15518.000000  13115.000000  13252.000000  11678.000000  11650.000000
  1.532700  13230.000000  15495.000000  13129.000000  13217.000000  11649.000000  11624.000000
  1.546100  13202.000000  15476.000000  13134.000000  13201.000000  11675.000000  11638.000000
  1.559500  13153.000000  15464.000000  13168.000000  13189.000000  11645.000000  11611.000000
  1.572900  13103.000000  15461.000000  13149.000000  13131.000000  11644.000000  11605.000000
  1.585900  13165.000000  15462.000000  13243.000000  13208.000000  11666.000000  11614.000000
  1.599000  13147.000000  15535.000000  13259.000000  13185.000000  11651.000000  11637.000000
  1.612100  13191.000000  15562.000000  13343.000000  13219.000000  11686.000000  11646.000000
  1.625000  13246.000000  15568.000000  13373.000000  13245.000000  11698.000000  11657.000000
  1.638000  13298.000000  15636.000000  13432.000000  13298.000000  11780.000000  11677.000000
  1.650700  13364.000000  15677.000000  13513.000000  13345.000000  11751.000000  11705.000000
  1.663400  13350.000000  15700.000000  13530.000000  13330.000000  11755.000000  11710.000000
  1.675900  13356.000000  15742.000000  13545.000000  13346.000000  11789.000000  11758.000000
  1.688500  13355.000000  15766.000000  13532.000000  13366.000000  11791.000000  11773.000000
  1.701000  13409.000000  15818.000000  13622.000000  13397.000000  11814.000000  11795.000000
  1.713500  13404.000000  15828.000000  13568.000000  13449.000000  11798.000000  11758.000000
  1.725800  13452.000000  15948.000000  13564.000000  13479.000000  11822.000000  11798.000000
  1.738000  13442.000000  15905.000000  13537.000000  13451.000000  11782.000000  11801.000000
  1.750200  13500.000000  15936.000000  13492.000000  13471.000000  11921.000000  11870.000000
  1.762200  13514.000000  15963.000000  13470.000000  13500.000000  11967.000000  11883.000000
  1.774300  13589.000000  15969.000000  13521.000000  13485.000000  11997.000000  11888.000000
  1.786300  13403.000000  15827.000000  13360.000000  13320.000000  11929.000000  11822.000000
  1.798100  12334.000000  15272.000000  13068.000000  12855.000000  11718.000000  11472.000000
  1.810000  10017.000000  13280.000000  11772.000000  11136.000000  10377.000000  10012.000000
  1.948000  10676.000000  14782.000000   9511.000000  12473.000000  10791.000000  10695.000000
  1.967000  11577.000000  15650.000000   9862.000000  13144.000000  11534.000000  11375.000000
  1.985900  12055.000000  15960.000000  10244.000000  13501.000000  11707.000000  11638.000000
  2.005000  12216.000000  16199.000000  10845.000000  13488.000000  11592.000000  11517.000000
  2.023800  12210.000000  15985.000000  11263.000000  13483.000000  11560.000000  11521.000000
  2.042400  12244.000000  16081.000000  11548.000000  13592.000000  11653.000000  11641.000000
  2.060800  12126.000000  16102.000000  11630.000000  13547.000000  11570.000000  11568.000000
  2.079000  12181.000000  16006.000000  11725.000000  13587.000000  11618.000000  11592.000000
  2.097100  12241.000000  15966.000000  11857.000000  13619.000000  11674.000000  11643.000000
  2.115100  12214.000000  15948.000000  11999.000000  13597.000000  11658.000000  11636.000000
  2.132900  12173.000000  15808.000000  12132.000000  13541.000000  11650.000000  11648.000000
  2.150600  12141.000000  15788.000000  12212.000000  13459.000000  11640.000000  11631.000000
  2.167900  12098.000000  15736.000000  12258.000000  13424.000000  11591.000000  11562.000000
  2.184900  12019.000000  15373.000000  12210.000000  13247.000000  11414.000000  11421.000000
  2.202000  11831.000000  15044.000000  12146.000000  13058.000000  11213.000000  11204.000000
  2.220700  11711.000000  14919.000000  12095.000000  12987.000000  11233.000000  11181.000000
  2.237400  11689.000000  15011.000000  12219.000000  13002.000000  11229.000000  11220.000000
  2.254800  11470.000000  14937.000000  12224.000000  12971.000000  11201.000000  11201.000000
  2.271600  11255.000000  15002.000000  12158.000000  13019.000000  11118.000000  11158.000000
  2.288400  10937.000000  15019.000000  12178.000000  12948.000000  11093.000000  11037.000000
  2.305200  10552.000000  14825.000000  12041.000000  12808.000000  10900.000000  10871.000000
  2.321500  10440.000000  14537.000000  11799.000000  12699.000000  10755.000000  10784.000000
  2.338100  10477.000000  14266.000000  11487.000000  12529.000000  10736.000000  10714.000000
  2.354400  10733.000000  14382.000000  11285.000000  12657.000000  10690.000000  10650.000000
  2.370500  10881.000000  14756.000000  11197.000000  12895.000000  10853.000000  10845.000000
  2.386300  10970.000000  14935.000000  10940.000000  12973.000000  10834.000000  10934.000000
  2.402200  10773.000000  14857.000000  10601.000000  12870.000000  10874.000000  10821.000000
  2.418200  10722.000000  14739.000000  10123.000000  12808.000000  10860.000000  10929.000000
  2.433900  10245.000000  14512.000000   9749.000000  12591.000000  10448.000000  10569.000000
  2.449400  10239.000000  14582.000000   9549.000000  12677.000000  10654.000000  10597.000000
  2.465000   9905.000000  14500.000000   9440.000000  12551.000000  10760.000000  10740.000000
  2.480000  10301.000000  15156.000000   9440.000000  12944.000000  11138.000000  10655.000000
