# Wavelength (nm), Reflectance
350.0000  0.01505
351.0000  0.01449
352.0000  0.01416
353.0000  0.01402
354.0000  0.01384
355.0000  0.01360
356.0000  0.01346
357.0000  0.01367
358.0000  0.01376
359.0000  0.01350
360.0000  0.01348
361.0000  0.01354
362.0000  0.01339
363.0000  0.01295
364.0000  0.01306
365.0000  0.01308
366.0000  0.01293
367.0000  0.01287
368.0000  0.01304
369.0000  0.01304
370.0000  0.01279
371.0000  0.01276
372.0000  0.01281
373.0000  0.01287
374.0000  0.01297
375.0000  0.01313
376.0000  0.01312
377.0000  0.01313
378.0000  0.01336
379.0000  0.01354
380.0000  0.01367
381.0000  0.01376
382.0000  0.01378
383.0000  0.01382
384.0000  0.01390
385.0000  0.01393
386.0000  0.01380
387.0000  0.01383
388.0000  0.01392
389.0000  0.01394
390.0000  0.01402
391.0000  0.01412
392.0000  0.01415
393.0000  0.01406
394.0000  0.01424
395.0000  0.01444
396.0000  0.01456
397.0000  0.01457
398.0000  0.01456
399.0000  0.01463
400.0000  0.01479
401.0000  0.01486
402.0000  0.01495
403.0000  0.01513
404.0000  0.01542
405.0000  0.01563
406.0000  0.01586
407.0000  0.01619
408.0000  0.01662
409.0000  0.01692
410.0000  0.01725
411.0000  0.01765
412.0000  0.01791
413.0000  0.01827
414.0000  0.01866
415.0000  0.01900
416.0000  0.01935
417.0000  0.01971
418.0000  0.02012
419.0000  0.02057
420.0000  0.02087
421.0000  0.02120
422.0000  0.02164
423.0000  0.02210
424.0000  0.02239
425.0000  0.02265
426.0000  0.02296
427.0000  0.02330
428.0000  0.02363
429.0000  0.02393
430.0000  0.02418
431.0000  0.02445
432.0000  0.02467
433.0000  0.02483
434.0000  0.02507
435.0000  0.02533
436.0000  0.02552
437.0000  0.02560
438.0000  0.02577
439.0000  0.02598
440.0000  0.02614
441.0000  0.02625
442.0000  0.02642
443.0000  0.02657
444.0000  0.02670
445.0000  0.02687
446.0000  0.02703
447.0000  0.02719
448.0000  0.02738
449.0000  0.02757
450.0000  0.02771
451.0000  0.02786
452.0000  0.02802
453.0000  0.02819
454.0000  0.02833
455.0000  0.02845
456.0000  0.02860
457.0000  0.02870
458.0000  0.02880
459.0000  0.02891
460.0000  0.02903
461.0000  0.02908
462.0000  0.02910
463.0000  0.02916
464.0000  0.02923
465.0000  0.02932
466.0000  0.02941
467.0000  0.02944
468.0000  0.02948
469.0000  0.02950
470.0000  0.02951
471.0000  0.02959
472.0000  0.02962
473.0000  0.02962
474.0000  0.02977
475.0000  0.02974
476.0000  0.02977
477.0000  0.02985
478.0000  0.02986
479.0000  0.02991
480.0000  0.03001
481.0000  0.03004
482.0000  0.03007
483.0000  0.03014
484.0000  0.03022
485.0000  0.03031
486.0000  0.03044
487.0000  0.03059
488.0000  0.03073
489.0000  0.03081
490.0000  0.03089
491.0000  0.03101
492.0000  0.03127
493.0000  0.03141
494.0000  0.03162
495.0000  0.03186
496.0000  0.03211
497.0000  0.03246
498.0000  0.03275
499.0000  0.03311
500.0000  0.03354
501.0000  0.03398
502.0000  0.03445
503.0000  0.03497
504.0000  0.03552
505.0000  0.03612
506.0000  0.03678
507.0000  0.03751
508.0000  0.03832
509.0000  0.03919
510.0000  0.04017
511.0000  0.04120
512.0000  0.04231
513.0000  0.04348
514.0000  0.04474
515.0000  0.04607
516.0000  0.04753
517.0000  0.04918
518.0000  0.05089
519.0000  0.05265
520.0000  0.05440
521.0000  0.05615
522.0000  0.05797
523.0000  0.05981
524.0000  0.06164
525.0000  0.06348
526.0000  0.06533
527.0000  0.06722
528.0000  0.06903
529.0000  0.07065
530.0000  0.07219
531.0000  0.07363
532.0000  0.07502
533.0000  0.07639
534.0000  0.07759
535.0000  0.07871
536.0000  0.07971
537.0000  0.08062
538.0000  0.08145
539.0000  0.08224
540.0000  0.08299
541.0000  0.08358
542.0000  0.08423
543.0000  0.08475
544.0000  0.08532
545.0000  0.08588
546.0000  0.08637
547.0000  0.08689
548.0000  0.08732
549.0000  0.08772
550.0000  0.08810
551.0000  0.08840
552.0000  0.08875
553.0000  0.08896
554.0000  0.08890
555.0000  0.08885
556.0000  0.08869
557.0000  0.08854
558.0000  0.08807
559.0000  0.08759
560.0000  0.08695
561.0000  0.08637
562.0000  0.08567
563.0000  0.08489
564.0000  0.08399
565.0000  0.08300
566.0000  0.08197
567.0000  0.08087
568.0000  0.07969
569.0000  0.07857
570.0000  0.07737
571.0000  0.07616
572.0000  0.07501
573.0000  0.07385
574.0000  0.07285
575.0000  0.07189
576.0000  0.07084
577.0000  0.06991
578.0000  0.06905
579.0000  0.06827
580.0000  0.06748
581.0000  0.06673
582.0000  0.06605
583.0000  0.06538
584.0000  0.06490
585.0000  0.06436
586.0000  0.06389
587.0000  0.06340
588.0000  0.06304
589.0000  0.06265
590.0000  0.06228
591.0000  0.06200
592.0000  0.06170
593.0000  0.06137
594.0000  0.06112
595.0000  0.06096
596.0000  0.06076
597.0000  0.06054
598.0000  0.06039
599.0000  0.06020
600.0000  0.06000
601.0000  0.05978
602.0000  0.05957
603.0000  0.05928
604.0000  0.05891
605.0000  0.05856
606.0000  0.05812
607.0000  0.05770
608.0000  0.05720
609.0000  0.05662
610.0000  0.05602
611.0000  0.05539
612.0000  0.05481
613.0000  0.05424
614.0000  0.05363
615.0000  0.05308
616.0000  0.05258
617.0000  0.05208
618.0000  0.05159
619.0000  0.05113
620.0000  0.05072
621.0000  0.05041
622.0000  0.05016
623.0000  0.04990
624.0000  0.04972
625.0000  0.04956
626.0000  0.04948
627.0000  0.04947
628.0000  0.04944
629.0000  0.04938
630.0000  0.04933
631.0000  0.04936
632.0000  0.04938
633.0000  0.04931
634.0000  0.04911
635.0000  0.04896
636.0000  0.04877
637.0000  0.04838
638.0000  0.04800
639.0000  0.04763
640.0000  0.04716
641.0000  0.04670
642.0000  0.04612
643.0000  0.04550
644.0000  0.04491
645.0000  0.04432
646.0000  0.04375
647.0000  0.04321
648.0000  0.04268
649.0000  0.04220
650.0000  0.04176
651.0000  0.04141
652.0000  0.04111
653.0000  0.04080
654.0000  0.04048
655.0000  0.04015
656.0000  0.03984
657.0000  0.03933
658.0000  0.03874
659.0000  0.03813
660.0000  0.03760
661.0000  0.03702
662.0000  0.03641
663.0000  0.03589
664.0000  0.03542
665.0000  0.03495
666.0000  0.03450
667.0000  0.03410
668.0000  0.03375
669.0000  0.03346
670.0000  0.03323
671.0000  0.03305
672.0000  0.03292
673.0000  0.03286
674.0000  0.03274
675.0000  0.03268
676.0000  0.03269
677.0000  0.03276
678.0000  0.03284
679.0000  0.03295
680.0000  0.03316
681.0000  0.03342
682.0000  0.03377
683.0000  0.03421
684.0000  0.03476
685.0000  0.03551
686.0000  0.03658
687.0000  0.03812
688.0000  0.03994
689.0000  0.04154
690.0000  0.04324
691.0000  0.04534
692.0000  0.04781
693.0000  0.05066
694.0000  0.05391
695.0000  0.05757
696.0000  0.06151
697.0000  0.06578
698.0000  0.07036
699.0000  0.07526
700.0000  0.08043
701.0000  0.08570
702.0000  0.09101
703.0000  0.09640
704.0000  0.10178
705.0000  0.10717
706.0000  0.11263
707.0000  0.11816
708.0000  0.12387
709.0000  0.12973
710.0000  0.13573
711.0000  0.14190
712.0000  0.14832
713.0000  0.15505
714.0000  0.16194
715.0000  0.16916
716.0000  0.17664
717.0000  0.18473
718.0000  0.19354
719.0000  0.20282
720.0000  0.21202
721.0000  0.22072
722.0000  0.22948
723.0000  0.23866
724.0000  0.24877
725.0000  0.25913
726.0000  0.26928
727.0000  0.27921
728.0000  0.28947
729.0000  0.29963
730.0000  0.30982
731.0000  0.31985
732.0000  0.32974
733.0000  0.33921
734.0000  0.34824
735.0000  0.35714
736.0000  0.36624
737.0000  0.37488
738.0000  0.38295
739.0000  0.39089
740.0000  0.39871
741.0000  0.40599
742.0000  0.41250
743.0000  0.41877
744.0000  0.42468
745.0000  0.42989
746.0000  0.43550
747.0000  0.44036
748.0000  0.44461
749.0000  0.44872
750.0000  0.45261
751.0000  0.45621
752.0000  0.45952
753.0000  0.46251
754.0000  0.46516
755.0000  0.46724
756.0000  0.46975
757.0000  0.47219
758.0000  0.47381
759.0000  0.47753
760.0000  0.48382
761.0000  0.49739
762.0000  0.49925
763.0000  0.49755
764.0000  0.49530
765.0000  0.49225
766.0000  0.48988
767.0000  0.48792
768.0000  0.48740
769.0000  0.48728
770.0000  0.48776
771.0000  0.48829
772.0000  0.48887
773.0000  0.48927
774.0000  0.48977
775.0000  0.49046
776.0000  0.49111
777.0000  0.49189
778.0000  0.49232
779.0000  0.49255
780.0000  0.49294
781.0000  0.49297
782.0000  0.49356
783.0000  0.49412
784.0000  0.49452
785.0000  0.49462
786.0000  0.49547
787.0000  0.49614
788.0000  0.49559
789.0000  0.49647
790.0000  0.49665
791.0000  0.49824
792.0000  0.49798
793.0000  0.49819
794.0000  0.49889
795.0000  0.49893
796.0000  0.50025
797.0000  0.50032
798.0000  0.50053
799.0000  0.50033
800.0000  0.50115
801.0000  0.50176
802.0000  0.50162
803.0000  0.50159
804.0000  0.50259
805.0000  0.50242
806.0000  0.50248
807.0000  0.50362
808.0000  0.50374
809.0000  0.50392
810.0000  0.50464
811.0000  0.50575
812.0000  0.50567
813.0000  0.50704
814.0000  0.50571
815.0000  0.50707
816.0000  0.50766
817.0000  0.50855
818.0000  0.50896
819.0000  0.50808
820.0000  0.50842
821.0000  0.50889
822.0000  0.50972
823.0000  0.50895
824.0000  0.50964
825.0000  0.51061
826.0000  0.50998
827.0000  0.51080
828.0000  0.51108
829.0000  0.51124
830.0000  0.51134
831.0000  0.51198
832.0000  0.51114
833.0000  0.51102
834.0000  0.51260
835.0000  0.51237
836.0000  0.51278
837.0000  0.51337
838.0000  0.51320
839.0000  0.51320
840.0000  0.51457
841.0000  0.51440
842.0000  0.51495
843.0000  0.51656
844.0000  0.51584
845.0000  0.51515
846.0000  0.51600
847.0000  0.51507
848.0000  0.51595
849.0000  0.51645
850.0000  0.51830
851.0000  0.51900
852.0000  0.51984
853.0000  0.51845
854.0000  0.51766
855.0000  0.51914
856.0000  0.51869
857.0000  0.52094
858.0000  0.52011
859.0000  0.51961
860.0000  0.51803
861.0000  0.51825
862.0000  0.51882
863.0000  0.52166
864.0000  0.52088
865.0000  0.52173
866.0000  0.52179
867.0000  0.52300
868.0000  0.52081
869.0000  0.52360
870.0000  0.52318
871.0000  0.52276
872.0000  0.52363
873.0000  0.52524
874.0000  0.52428
875.0000  0.52364
876.0000  0.52388
877.0000  0.52467
878.0000  0.52507
879.0000  0.52799
880.0000  0.52509
881.0000  0.52292
882.0000  0.52386
883.0000  0.52601
884.0000  0.52340
885.0000  0.52720
886.0000  0.52550
887.0000  0.52575
888.0000  0.52697
889.0000  0.52716
890.0000  0.52812
891.0000  0.52965
892.0000  0.52754
893.0000  0.52658
894.0000  0.52920
895.0000  0.52943
896.0000  0.52971
897.0000  0.53105
898.0000  0.53104
899.0000  0.52885
900.0000  0.53027
901.0000  0.53048
902.0000  0.53095
903.0000  0.53069
904.0000  0.53049
905.0000  0.53266
906.0000  0.53146
907.0000  0.53141
908.0000  0.53191
909.0000  0.53218
910.0000  0.53271
911.0000  0.53266
912.0000  0.53230
913.0000  0.53284
914.0000  0.53264
915.0000  0.53273
916.0000  0.53287
917.0000  0.53186
918.0000  0.53216
919.0000  0.53363
920.0000  0.53307
921.0000  0.53255
922.0000  0.53185
923.0000  0.53218
924.0000  0.53241
925.0000  0.53216
926.0000  0.53175
927.0000  0.53173
928.0000  0.53172
929.0000  0.53223
930.0000  0.53234
931.0000  0.53280
932.0000  0.53381
933.0000  0.53361
934.0000  0.53408
935.0000  0.53472
936.0000  0.53328
937.0000  0.53199
938.0000  0.53172
939.0000  0.53131
940.0000  0.52999
941.0000  0.53001
942.0000  0.52947
943.0000  0.52889
944.0000  0.52865
945.0000  0.52837
946.0000  0.52708
947.0000  0.52616
948.0000  0.52534
949.0000  0.52494
950.0000  0.52335
951.0000  0.52229
952.0000  0.52110
953.0000  0.51961
954.0000  0.51900
955.0000  0.51726
956.0000  0.51589
957.0000  0.51555
958.0000  0.51464
959.0000  0.51343
960.0000  0.51326
961.0000  0.51289
962.0000  0.51227
963.0000  0.51146
964.0000  0.51111
965.0000  0.51092
966.0000  0.51043
967.0000  0.51025
968.0000  0.50989
969.0000  0.50944
970.0000  0.50913
971.0000  0.50938
972.0000  0.50887
973.0000  0.50829
974.0000  0.50820
975.0000  0.50917
976.0000  0.50946
977.0000  0.50888
978.0000  0.50899
979.0000  0.50953
980.0000  0.50952
981.0000  0.50996
982.0000  0.51021
983.0000  0.50958
984.0000  0.51022
985.0000  0.51040
986.0000  0.50989
987.0000  0.51060
988.0000  0.51138
989.0000  0.51183
990.0000  0.51213
991.0000  0.51269
992.0000  0.51322
993.0000  0.51334
994.0000  0.51351
995.0000  0.51416
996.0000  0.51431
997.0000  0.51448
998.0000  0.51513
999.0000  0.51559
1000.0000 0.51526
1001.0000 0.51820
1002.0000 0.51865
1003.0000 0.51918
1004.0000 0.51976
1005.0000 0.52032
1006.0000 0.52093
1007.0000 0.52163
1008.0000 0.52226
1009.0000 0.52288
1010.0000 0.52346
1011.0000 0.52416
1012.0000 0.52510
1013.0000 0.52537
1014.0000 0.52586
1015.0000 0.52684
1016.0000 0.52764
1017.0000 0.52831
1018.0000 0.52900
1019.0000 0.52961
1020.0000 0.53031
1021.0000 0.53079
1022.0000 0.53122
1023.0000 0.53208
1024.0000 0.53283
1025.0000 0.53356
1026.0000 0.53418
1027.0000 0.53482
1028.0000 0.53566
1029.0000 0.53644
1030.0000 0.53699
1031.0000 0.53767
1032.0000 0.53827
1033.0000 0.53864
1034.0000 0.53912
1035.0000 0.53967
1036.0000 0.54044
1037.0000 0.54119
1038.0000 0.54175
1039.0000 0.54221
1040.0000 0.54294
1041.0000 0.54345
1042.0000 0.54401
1043.0000 0.54448
1044.0000 0.54505
1045.0000 0.54564
1046.0000 0.54595
1047.0000 0.54646
1048.0000 0.54688
1049.0000 0.54719
1050.0000 0.54779
1051.0000 0.54803
1052.0000 0.54846
1053.0000 0.54914
1054.0000 0.54947
1055.0000 0.54983
1056.0000 0.55019
1057.0000 0.55026
1058.0000 0.55064
1059.0000 0.55124
1060.0000 0.55136
1061.0000 0.55169
1062.0000 0.55208
1063.0000 0.55243
1064.0000 0.55285
1065.0000 0.55297
1066.0000 0.55317
1067.0000 0.55360
1068.0000 0.55365
1069.0000 0.55403
1070.0000 0.55433
1071.0000 0.55439
1072.0000 0.55450
1073.0000 0.55442
1074.0000 0.55445
1075.0000 0.55460
1076.0000 0.55474
1077.0000 0.55503
1078.0000 0.55507
1079.0000 0.55481
1080.0000 0.55515
1081.0000 0.55531
1082.0000 0.55560
1083.0000 0.55582
1084.0000 0.55552
1085.0000 0.55552
1086.0000 0.55564
1087.0000 0.55551
1088.0000 0.55566
1089.0000 0.55566
1090.0000 0.55567
1091.0000 0.55562
1092.0000 0.55571
1093.0000 0.55562
1094.0000 0.55547
1095.0000 0.55566
1096.0000 0.55560
1097.0000 0.55562
1098.0000 0.55563
1099.0000 0.55558
1100.0000 0.55527
1101.0000 0.55552
1102.0000 0.55544
1103.0000 0.55538
1104.0000 0.55535
1105.0000 0.55486
1106.0000 0.55504
1107.0000 0.55528
1108.0000 0.55540
1109.0000 0.55535
1110.0000 0.55526
1111.0000 0.55522
1112.0000 0.55522
1113.0000 0.55534
1114.0000 0.55531
1115.0000 0.55527
1116.0000 0.55526
1117.0000 0.55567
1118.0000 0.55560
1119.0000 0.55557
1120.0000 0.55552
1121.0000 0.55497
1122.0000 0.55431
1123.0000 0.55406
1124.0000 0.55341
1125.0000 0.55226
1126.0000 0.55120
1127.0000 0.55000
1128.0000 0.54821
1129.0000 0.54653
1130.0000 0.54465
1131.0000 0.54276
1132.0000 0.54053
1133.0000 0.53833
1134.0000 0.53596
1135.0000 0.53403
1136.0000 0.53206
1137.0000 0.52979
1138.0000 0.52762
1139.0000 0.52536
1140.0000 0.52331
1141.0000 0.52050
1142.0000 0.51797
1143.0000 0.51558
1144.0000 0.51270
1145.0000 0.50976
1146.0000 0.50675
1147.0000 0.50358
1148.0000 0.50073
1149.0000 0.49750
1150.0000 0.49502
1151.0000 0.49268
1152.0000 0.49024
1153.0000 0.48832
1154.0000 0.48637
1155.0000 0.48474
1156.0000 0.48363
1157.0000 0.48208
1158.0000 0.48109
1159.0000 0.48013
1160.0000 0.47899
1161.0000 0.47815
1162.0000 0.47738
1163.0000 0.47671
1164.0000 0.47623
1165.0000 0.47552
1166.0000 0.47481
1167.0000 0.47438
1168.0000 0.47397
1169.0000 0.47345
1170.0000 0.47308
1171.0000 0.47256
1172.0000 0.47228
1173.0000 0.47194
1174.0000 0.47158
1175.0000 0.47134
1176.0000 0.47144
1177.0000 0.47104
1178.0000 0.47075
1179.0000 0.47036
1180.0000 0.46997
1181.0000 0.46984
1182.0000 0.46955
1183.0000 0.46919
1184.0000 0.46885
1185.0000 0.46852
1186.0000 0.46816
1187.0000 0.46762
1188.0000 0.46748
1189.0000 0.46724
1190.0000 0.46689
1191.0000 0.46668
1192.0000 0.46653
1193.0000 0.46657
1194.0000 0.46647
1195.0000 0.46632
1196.0000 0.46639
1197.0000 0.46636
1198.0000 0.46640
1199.0000 0.46632
1200.0000 0.46650
1201.0000 0.46641
1202.0000 0.46659
1203.0000 0.46692
1204.0000 0.46717
1205.0000 0.46726
1206.0000 0.46740
1207.0000 0.46775
1208.0000 0.46802
1209.0000 0.46840
1210.0000 0.46868
1211.0000 0.46932
1212.0000 0.46924
1213.0000 0.46952
1214.0000 0.47002
1215.0000 0.47036
1216.0000 0.47070
1217.0000 0.47107
1218.0000 0.47177
1219.0000 0.47227
1220.0000 0.47250
1221.0000 0.47285
1222.0000 0.47345
1223.0000 0.47392
1224.0000 0.47449
1225.0000 0.47501
1226.0000 0.47563
1227.0000 0.47615
1228.0000 0.47650
1229.0000 0.47718
1230.0000 0.47765
1231.0000 0.47814
1232.0000 0.47891
1233.0000 0.47930
1234.0000 0.47972
1235.0000 0.48021
1236.0000 0.48061
1237.0000 0.48093
1238.0000 0.48137
1239.0000 0.48189
1240.0000 0.48253
1241.0000 0.48304
1242.0000 0.48355
1243.0000 0.48412
1244.0000 0.48451
1245.0000 0.48506
1246.0000 0.48556
1247.0000 0.48598
1248.0000 0.48628
1249.0000 0.48687
1250.0000 0.48720
1251.0000 0.48771
1252.0000 0.48809
1253.0000 0.48856
1254.0000 0.48916
1255.0000 0.48949
1256.0000 0.49001
1257.0000 0.49046
1258.0000 0.49076
1259.0000 0.49100
1260.0000 0.49157
1261.0000 0.49192
1262.0000 0.49229
1263.0000 0.49264
1264.0000 0.49288
1265.0000 0.49322
1266.0000 0.49319
1267.0000 0.49321
1268.0000 0.49338
1269.0000 0.49348
1270.0000 0.49356
1271.0000 0.49338
1272.0000 0.49339
1273.0000 0.49327
1274.0000 0.49320
1275.0000 0.49313
1276.0000 0.49332
1277.0000 0.49325
1278.0000 0.49303
1279.0000 0.49269
1280.0000 0.49235
1281.0000 0.49220
1282.0000 0.49190
1283.0000 0.49151
1284.0000 0.49112
1285.0000 0.49067
1286.0000 0.49031
1287.0000 0.48984
1288.0000 0.48927
1289.0000 0.48880
1290.0000 0.48828
1291.0000 0.48783
1292.0000 0.48730
1293.0000 0.48660
1294.0000 0.48583
1295.0000 0.48506
1296.0000 0.48441
1297.0000 0.48361
1298.0000 0.48277
1299.0000 0.48181
1300.0000 0.48081
1301.0000 0.47982
1302.0000 0.47868
1303.0000 0.47763
1304.0000 0.47641
1305.0000 0.47521
1306.0000 0.47418
1307.0000 0.47296
1308.0000 0.47150
1309.0000 0.47008
1310.0000 0.46850
1311.0000 0.46698
1312.0000 0.46534
1313.0000 0.46369
1314.0000 0.46199
1315.0000 0.46026
1316.0000 0.45847
1317.0000 0.45653
1318.0000 0.45465
1319.0000 0.45274
1320.0000 0.45089
1321.0000 0.44901
1322.0000 0.44709
1323.0000 0.44526
1324.0000 0.44334
1325.0000 0.44132
1326.0000 0.43971
1327.0000 0.43757
1328.0000 0.43542
1329.0000 0.43315
1330.0000 0.43078
1331.0000 0.42830
1332.0000 0.42594
1333.0000 0.42339
1334.0000 0.42109
1335.0000 0.41884
1336.0000 0.41674
1337.0000 0.41495
1338.0000 0.41327
1339.0000 0.41144
1340.0000 0.40963
1341.0000 0.40778
1342.0000 0.40624
1343.0000 0.40509
1344.0000 0.40415
1345.0000 0.40314
1346.0000 0.40202
1347.0000 0.40080
1348.0000 0.39980
1349.0000 0.39883
1350.0000 0.39805
1351.0000 0.39704
1352.0000 0.39597
1353.0000 0.39489
1354.0000 0.39479
1355.0000 0.39387
1356.0000 0.39383
1357.0000 0.39330
1358.0000 0.39230
1359.0000 0.38977
1360.0000 0.38968
1361.0000 0.39328
1362.0000 0.39116
1363.0000 0.39238
1364.0000 0.39205
1365.0000 0.39013
1366.0000 0.38063
1367.0000 0.37238
1368.0000 0.36275
1369.0000 0.34535
1370.0000 0.34414
1371.0000 0.35376
1372.0000 0.35481
1373.0000 0.35498
1374.0000 0.35779
1375.0000 0.36201
1376.0000 0.35970
1377.0000 0.35955
1378.0000 0.35465
1379.0000 0.33956
1380.0000 0.32949
1381.0000 0.32204
1382.0000 0.31324
1383.0000 0.30201
1384.0000 0.28782
1385.0000 0.27603
1386.0000 0.26614
1387.0000 0.25719
1388.0000 0.25261
1389.0000 0.24527
1390.0000 0.23695
1391.0000 0.22954
1392.0000 0.22176
1393.0000 0.21541
1394.0000 0.20981
1395.0000 0.20438
1396.0000 0.20014
1397.0000 0.19497
1398.0000 0.18964
1399.0000 0.18383
1400.0000 0.17784
1401.0000 0.17221
1402.0000 0.16692
1403.0000 0.16175
1404.0000 0.15729
1405.0000 0.15335
1406.0000 0.14928
1407.0000 0.14532
1408.0000 0.14143
1409.0000 0.13787
1410.0000 0.13506
1411.0000 0.13286
1412.0000 0.13067
1413.0000 0.12906
1414.0000 0.12697
1415.0000 0.12470
1416.0000 0.12304
1417.0000 0.12141
1418.0000 0.11991
1419.0000 0.11880
1420.0000 0.11745
1421.0000 0.11600
1422.0000 0.11480
1423.0000 0.11364
1424.0000 0.11257
1425.0000 0.11145
1426.0000 0.11051
1427.0000 0.10962
1428.0000 0.10890
1429.0000 0.10827
1430.0000 0.10764
1431.0000 0.10690
1432.0000 0.10620
1433.0000 0.10539
1434.0000 0.10467
1435.0000 0.10397
1436.0000 0.10331
1437.0000 0.10265
1438.0000 0.10202
1439.0000 0.10144
1440.0000 0.10097
1441.0000 0.10050
1442.0000 0.10018
1443.0000 0.09983
1444.0000 0.09946
1445.0000 0.09916
1446.0000 0.09904
1447.0000 0.09874
1448.0000 0.09842
1449.0000 0.09830
1450.0000 0.09806
1451.0000 0.09797
1452.0000 0.09788
1453.0000 0.09776
1454.0000 0.09778
1455.0000 0.09770
1456.0000 0.09766
1457.0000 0.09771
1458.0000 0.09779
1459.0000 0.09786
1460.0000 0.09797
1461.0000 0.09812
1462.0000 0.09830
1463.0000 0.09860
1464.0000 0.09894
1465.0000 0.09925
1466.0000 0.09977
1467.0000 0.10019
1468.0000 0.10078
1469.0000 0.10141
1470.0000 0.10205
1471.0000 0.10267
1472.0000 0.10333
1473.0000 0.10399
1474.0000 0.10464
1475.0000 0.10537
1476.0000 0.10606
1477.0000 0.10678
1478.0000 0.10758
1479.0000 0.10841
1480.0000 0.10923
1481.0000 0.11003
1482.0000 0.11088
1483.0000 0.11176
1484.0000 0.11270
1485.0000 0.11353
1486.0000 0.11447
1487.0000 0.11536
1488.0000 0.11630
1489.0000 0.11727
1490.0000 0.11815
1491.0000 0.11902
1492.0000 0.12002
1493.0000 0.12092
1494.0000 0.12182
1495.0000 0.12281
1496.0000 0.12363
1497.0000 0.12470
1498.0000 0.12568
1499.0000 0.12669
1500.0000 0.12777
1501.0000 0.12886
1502.0000 0.12995
1503.0000 0.13107
1504.0000 0.13214
1505.0000 0.13335
1506.0000 0.13445
1507.0000 0.13571
1508.0000 0.13692
1509.0000 0.13812
1510.0000 0.13918
1511.0000 0.14039
1512.0000 0.14158
1513.0000 0.14278
1514.0000 0.14411
1515.0000 0.14522
1516.0000 0.14638
1517.0000 0.14769
1518.0000 0.14895
1519.0000 0.15023
1520.0000 0.15130
1521.0000 0.15254
1522.0000 0.15364
1523.0000 0.15499
1524.0000 0.15628
1525.0000 0.15754
1526.0000 0.15873
1527.0000 0.16002
1528.0000 0.16123
1529.0000 0.16245
1530.0000 0.16366
1531.0000 0.16494
1532.0000 0.16618
1533.0000 0.16747
1534.0000 0.16867
1535.0000 0.16998
1536.0000 0.17122
1537.0000 0.17240
1538.0000 0.17360
1539.0000 0.17486
1540.0000 0.17610
1541.0000 0.17732
1542.0000 0.17840
1543.0000 0.17982
1544.0000 0.18106
1545.0000 0.18236
1546.0000 0.18349
1547.0000 0.18473
1548.0000 0.18597
1549.0000 0.18707
1550.0000 0.18830
1551.0000 0.18952
1552.0000 0.19075
1553.0000 0.19193
1554.0000 0.19310
1555.0000 0.19428
1556.0000 0.19538
1557.0000 0.19656
1558.0000 0.19770
1559.0000 0.19895
1560.0000 0.20001
1561.0000 0.20119
1562.0000 0.20226
1563.0000 0.20338
1564.0000 0.20444
1565.0000 0.20550
1566.0000 0.20651
1567.0000 0.20762
1568.0000 0.20874
1569.0000 0.20980
1570.0000 0.21066
1571.0000 0.21172
1572.0000 0.21289
1573.0000 0.21415
1574.0000 0.21525
1575.0000 0.21621
1576.0000 0.21737
1577.0000 0.21851
1578.0000 0.21956
1579.0000 0.22065
1580.0000 0.22172
1581.0000 0.22265
1582.0000 0.22352
1583.0000 0.22464
1584.0000 0.22557
1585.0000 0.22629
1586.0000 0.22729
1587.0000 0.22845
1588.0000 0.22931
1589.0000 0.23012
1590.0000 0.23099
1591.0000 0.23194
1592.0000 0.23290
1593.0000 0.23378
1594.0000 0.23480
1595.0000 0.23573
1596.0000 0.23642
1597.0000 0.23736
1598.0000 0.23819
1599.0000 0.23899
1600.0000 0.23995
1601.0000 0.24096
1602.0000 0.24188
1603.0000 0.24277
1604.0000 0.24360
1605.0000 0.24455
1606.0000 0.24545
1607.0000 0.24632
1608.0000 0.24716
1609.0000 0.24809
1610.0000 0.24874
1611.0000 0.24945
1612.0000 0.25033
1613.0000 0.25108
1614.0000 0.25176
1615.0000 0.25247
1616.0000 0.25314
1617.0000 0.25405
1618.0000 0.25467
1619.0000 0.25535
1620.0000 0.25607
1621.0000 0.25668
1622.0000 0.25727
1623.0000 0.25790
1624.0000 0.25851
1625.0000 0.25928
1626.0000 0.26033
1627.0000 0.26123
1628.0000 0.26209
1629.0000 0.26267
1630.0000 0.26342
1631.0000 0.26404
1632.0000 0.26423
1633.0000 0.26459
1634.0000 0.26497
1635.0000 0.26543
1636.0000 0.26583
1637.0000 0.26647
1638.0000 0.26715
1639.0000 0.26775
1640.0000 0.26837
1641.0000 0.26889
1642.0000 0.26947
1643.0000 0.27000
1644.0000 0.27056
1645.0000 0.27102
1646.0000 0.27138
1647.0000 0.27187
1648.0000 0.27219
1649.0000 0.27261
1650.0000 0.27303
1651.0000 0.27325
1652.0000 0.27348
1653.0000 0.27386
1654.0000 0.27403
1655.0000 0.27426
1656.0000 0.27467
1657.0000 0.27495
1658.0000 0.27508
1659.0000 0.27526
1660.0000 0.27554
1661.0000 0.27571
1662.0000 0.27588
1663.0000 0.27605
1664.0000 0.27620
1665.0000 0.27645
1666.0000 0.27667
1667.0000 0.27682
1668.0000 0.27684
1669.0000 0.27680
1670.0000 0.27692
1671.0000 0.27696
1672.0000 0.27703
1673.0000 0.27714
1674.0000 0.27719
1675.0000 0.27727
1676.0000 0.27735
1677.0000 0.27734
1678.0000 0.27720
1679.0000 0.27700
1680.0000 0.27712
1681.0000 0.27690
1682.0000 0.27653
1683.0000 0.27639
1684.0000 0.27616
1685.0000 0.27578
1686.0000 0.27555
1687.0000 0.27531
1688.0000 0.27499
1689.0000 0.27480
1690.0000 0.27439
1691.0000 0.27387
1692.0000 0.27357
1693.0000 0.27314
1694.0000 0.27283
1695.0000 0.27254
1696.0000 0.27212
1697.0000 0.27184
1698.0000 0.27153
1699.0000 0.27115
1700.0000 0.27081
1701.0000 0.27036
1702.0000 0.27004
1703.0000 0.26964
1704.0000 0.26929
1705.0000 0.26884
1706.0000 0.26833
1707.0000 0.26807
1708.0000 0.26777
1709.0000 0.26731
1710.0000 0.26667
1711.0000 0.26598
1712.0000 0.26547
1713.0000 0.26499
1714.0000 0.26451
1715.0000 0.26418
1716.0000 0.26386
1717.0000 0.26325
1718.0000 0.26283
1719.0000 0.26245
1720.0000 0.26185
1721.0000 0.26129
1722.0000 0.26067
1723.0000 0.26021
1724.0000 0.25969
1725.0000 0.25929
1726.0000 0.25883
1727.0000 0.25823
1728.0000 0.25758
1729.0000 0.25706
1730.0000 0.25640
1731.0000 0.25584
1732.0000 0.25539
1733.0000 0.25503
1734.0000 0.25454
1735.0000 0.25429
1736.0000 0.25342
1737.0000 0.25309
1738.0000 0.25250
1739.0000 0.25179
1740.0000 0.25117
1741.0000 0.25063
1742.0000 0.24965
1743.0000 0.24902
1744.0000 0.24810
1745.0000 0.24744
1746.0000 0.24696
1747.0000 0.24635
1748.0000 0.24537
1749.0000 0.24448
1750.0000 0.24346
1751.0000 0.24281
1752.0000 0.24211
1753.0000 0.24124
1754.0000 0.24045
1755.0000 0.23945
1756.0000 0.23849
1757.0000 0.23804
1758.0000 0.23718
1759.0000 0.23622
1760.0000 0.23518
1761.0000 0.23465
1762.0000 0.23388
1763.0000 0.23329
1764.0000 0.23262
1765.0000 0.23193
1766.0000 0.23153
1767.0000 0.23083
1768.0000 0.23015
1769.0000 0.22951
1770.0000 0.22906
1771.0000 0.22869
1772.0000 0.22804
1773.0000 0.22761
1774.0000 0.22725
1775.0000 0.22673
1776.0000 0.22669
1777.0000 0.22653
1778.0000 0.22665
1779.0000 0.22629
1780.0000 0.22580
1781.0000 0.22573
1782.0000 0.22552
1783.0000 0.22528
1784.0000 0.22498
1785.0000 0.22488
1786.0000 0.22495
1787.0000 0.22504
1788.0000 0.22505
1789.0000 0.22536
1790.0000 0.22545
1791.0000 0.22553
1792.0000 0.22547
1793.0000 0.22562
1794.0000 0.22579
1795.0000 0.22577
1796.0000 0.22593
1797.0000 0.22642
1798.0000 0.22705
1799.0000 0.22745
1800.0000 0.22794
1801.0000 0.22661
1802.0000 0.22699
1803.0000 0.22752
1804.0000 0.22825
1805.0000 0.22867
1806.0000 0.22918
1807.0000 0.22963
1808.0000 0.22987
1809.0000 0.23060
1810.0000 0.23109
1811.0000 0.23124
1812.0000 0.23222
1813.0000 0.23284
1814.0000 0.23372
1815.0000 0.23503
1816.0000 0.23682
1817.0000 0.23827
1818.0000 0.23899
1819.0000 0.23867
1820.0000 0.23852
1821.0000 0.23782
1822.0000 0.23793
1823.0000 0.23760
1824.0000 0.23788
1825.0000 0.23997
1826.0000 0.24243
1827.0000 0.24524
1828.0000 0.25172
1829.0000 0.25760
1830.0000 0.26448
1831.0000 0.27221
1832.0000 0.28166
1833.0000 0.29134
1834.0000 0.28192
1835.0000 0.28599
1836.0000 0.29024
1837.0000 0.30016
1838.0000 0.31656
1839.0000 0.34174
1840.0000 0.36635
1841.0000 0.38781
1842.0000 0.39631
1843.0000 0.38793
1844.0000 0.39914
1845.0000 0.40276
1846.0000 0.41814
1847.0000 0.48719
1848.0000 0.55196
1849.0000 0.58039
1850.0000 0.59628
1851.0000 0.58187
1852.0000 0.49765
1853.0000 0.45644
1854.0000 0.42877
1855.0000 0.39307
1856.0000 0.38884
1857.0000 0.34871
1858.0000 0.30376
1859.0000 0.24678
1860.0000 0.23150
1861.0000 0.21252
1862.0000 0.21386
1863.0000 0.25202
1864.0000 0.25976
1865.0000 0.25821
1866.0000 0.25738
1867.0000 0.23768
1868.0000 0.21666
1869.0000 0.21236
1870.0000 0.22686
1871.0000 0.22176
1872.0000 0.22173
1873.0000 0.20739
1874.0000 0.18717
1875.0000 0.16924
1876.0000 0.14704
1877.0000 0.13648
1878.0000 0.13009
1879.0000 0.12788
1880.0000 0.11948
1881.0000 0.11143
1882.0000 0.10657
1883.0000 0.09692
1884.0000 0.09457
1885.0000 0.10077
1886.0000 0.10048
1887.0000 0.09789
1888.0000 0.09599
1889.0000 0.09377
1890.0000 0.08791
1891.0000 0.08527
1892.0000 0.08403
1893.0000 0.08319
1894.0000 0.08331
1895.0000 0.08329
1896.0000 0.08690
1897.0000 0.08758
1898.0000 0.08487
1899.0000 0.08248
1900.0000 0.08217
1901.0000 0.07961
1902.0000 0.08097
1903.0000 0.09344
1904.0000 0.10069
1905.0000 0.11294
1906.0000 0.11106
1907.0000 0.10324
1908.0000 0.08951
1909.0000 0.06737
1910.0000 0.05326
1911.0000 0.04826
1912.0000 0.04552
1913.0000 0.04356
1914.0000 0.04661
1915.0000 0.04529
1916.0000 0.04172
1917.0000 0.04029
1918.0000 0.03952
1919.0000 0.03760
1920.0000 0.03736
1921.0000 0.03746
1922.0000 0.03623
1923.0000 0.03424
1924.0000 0.03358
1925.0000 0.03253
1926.0000 0.03193
1927.0000 0.03224
1928.0000 0.03175
1929.0000 0.03070
1930.0000 0.03019
1931.0000 0.02950
1932.0000 0.02929
1933.0000 0.02917
1934.0000 0.02905
1935.0000 0.02905
1936.0000 0.02914
1937.0000 0.02930
1938.0000 0.02971
1939.0000 0.02968
1940.0000 0.02911
1941.0000 0.02945
1942.0000 0.02932
1943.0000 0.02945
1944.0000 0.02948
1945.0000 0.02948
1946.0000 0.02956
1947.0000 0.02939
1948.0000 0.02954
1949.0000 0.03010
1950.0000 0.03039
1951.0000 0.03064
1952.0000 0.03111
1953.0000 0.03117
1954.0000 0.03143
1955.0000 0.03170
1956.0000 0.03156
1957.0000 0.03169
1958.0000 0.03179
1959.0000 0.03215
1960.0000 0.03252
1961.0000 0.03282
1962.0000 0.03321
1963.0000 0.03350
1964.0000 0.03373
1965.0000 0.03377
1966.0000 0.03386
1967.0000 0.03394
1968.0000 0.03407
1969.0000 0.03420
1970.0000 0.03436
1971.0000 0.03446
1972.0000 0.03470
1973.0000 0.03493
1974.0000 0.03525
1975.0000 0.03555
1976.0000 0.03591
1977.0000 0.03627
1978.0000 0.03656
1979.0000 0.03690
1980.0000 0.03716
1981.0000 0.03742
1982.0000 0.03779
1983.0000 0.03812
1984.0000 0.03839
1985.0000 0.03863
1986.0000 0.03891
1987.0000 0.03917
1988.0000 0.03952
1989.0000 0.04000
1990.0000 0.04041
1991.0000 0.04071
1992.0000 0.04110
1993.0000 0.04136
1994.0000 0.04163
1995.0000 0.04195
1996.0000 0.04226
1997.0000 0.04263
1998.0000 0.04308
1999.0000 0.04364
2000.0000 0.04423
2001.0000 0.04491
2002.0000 0.04573
2003.0000 0.04679
2004.0000 0.04806
2005.0000 0.04926
2006.0000 0.05021
2007.0000 0.05118
2008.0000 0.05155
2009.0000 0.05182
2010.0000 0.05258
2011.0000 0.05305
2012.0000 0.05371
2013.0000 0.05409
2014.0000 0.05428
2015.0000 0.05496
2016.0000 0.05543
2017.0000 0.05554
2018.0000 0.05579
2019.0000 0.05617
2020.0000 0.05657
2021.0000 0.05694
2022.0000 0.05724
2023.0000 0.05762
2024.0000 0.05776
2025.0000 0.05785
2026.0000 0.05821
2027.0000 0.05848
2028.0000 0.05888
2029.0000 0.05924
2030.0000 0.05955
2031.0000 0.06014
2032.0000 0.06071
2033.0000 0.06110
2034.0000 0.06108
2035.0000 0.06102
2036.0000 0.06120
2037.0000 0.06155
2038.0000 0.06208
2039.0000 0.06266
2040.0000 0.06319
2041.0000 0.06375
2042.0000 0.06411
2043.0000 0.06450
2044.0000 0.06503
2045.0000 0.06536
2046.0000 0.06567
2047.0000 0.06608
2048.0000 0.06643
2049.0000 0.06684
2050.0000 0.06761
2051.0000 0.06817
2052.0000 0.06883
2053.0000 0.06936
2054.0000 0.06996
2055.0000 0.07051
2056.0000 0.07111
2057.0000 0.07180
2058.0000 0.07262
2059.0000 0.07299
2060.0000 0.07338
2061.0000 0.07371
2062.0000 0.07412
2063.0000 0.07448
2064.0000 0.07511
2065.0000 0.07560
2066.0000 0.07613
2067.0000 0.07667
2068.0000 0.07717
2069.0000 0.07768
2070.0000 0.07823
2071.0000 0.07863
2072.0000 0.07913
2073.0000 0.07963
2074.0000 0.08018
2075.0000 0.08086
2076.0000 0.08154
2077.0000 0.08178
2078.0000 0.08251
2079.0000 0.08262
2080.0000 0.08269
2081.0000 0.08311
2082.0000 0.08377
2083.0000 0.08443
2084.0000 0.08504
2085.0000 0.08577
2086.0000 0.08617
2087.0000 0.08673
2088.0000 0.08745
2089.0000 0.08784
2090.0000 0.08831
2091.0000 0.08872
2092.0000 0.08917
2093.0000 0.08990
2094.0000 0.09058
2095.0000 0.09111
2096.0000 0.09149
2097.0000 0.09197
2098.0000 0.09246
2099.0000 0.09306
2100.0000 0.09355
2101.0000 0.09390
2102.0000 0.09450
2103.0000 0.09491
2104.0000 0.09556
2105.0000 0.09597
2106.0000 0.09648
2107.0000 0.09690
2108.0000 0.09748
2109.0000 0.09810
2110.0000 0.09898
2111.0000 0.09963
2112.0000 0.09950
2113.0000 0.10034
2114.0000 0.10102
2115.0000 0.10170
2116.0000 0.10219
2117.0000 0.10247
2118.0000 0.10319
2119.0000 0.10402
2120.0000 0.10427
2121.0000 0.10481
2122.0000 0.10545
2123.0000 0.10575
2124.0000 0.10646
2125.0000 0.10716
2126.0000 0.10740
2127.0000 0.10832
2128.0000 0.10877
2129.0000 0.10897
2130.0000 0.10992
2131.0000 0.10995
2132.0000 0.11057
2133.0000 0.11082
2134.0000 0.11090
2135.0000 0.11185
2136.0000 0.11208
2137.0000 0.11234
2138.0000 0.11296
2139.0000 0.11378
2140.0000 0.11431
2141.0000 0.11490
2142.0000 0.11453
2143.0000 0.11609
2144.0000 0.11627
2145.0000 0.11647
2146.0000 0.11703
2147.0000 0.11706
2148.0000 0.11787
2149.0000 0.11805
2150.0000 0.11823
2151.0000 0.11822
2152.0000 0.11902
2153.0000 0.11966
2154.0000 0.11917
2155.0000 0.11920
2156.0000 0.11969
2157.0000 0.12051
2158.0000 0.12079
2159.0000 0.12145
2160.0000 0.12089
2161.0000 0.12068
2162.0000 0.12140
2163.0000 0.12092
2164.0000 0.12119
2165.0000 0.12148
2166.0000 0.12180
2167.0000 0.12172
2168.0000 0.12193
2169.0000 0.12184
2170.0000 0.12274
2171.0000 0.12308
2172.0000 0.12279
2173.0000 0.12314
2174.0000 0.12334
2175.0000 0.12337
2176.0000 0.12368
2177.0000 0.12356
2178.0000 0.12376
2179.0000 0.12446
2180.0000 0.12429
2181.0000 0.12444
2182.0000 0.12392
2183.0000 0.12424
2184.0000 0.12497
2185.0000 0.12515
2186.0000 0.12484
2187.0000 0.12566
2188.0000 0.12590
2189.0000 0.12555
2190.0000 0.12608
2191.0000 0.12585
2192.0000 0.12623
2193.0000 0.12634
2194.0000 0.12700
2195.0000 0.12718
2196.0000 0.12721
2197.0000 0.12670
2198.0000 0.12700
2199.0000 0.12753
2200.0000 0.12747
2201.0000 0.12723
2202.0000 0.12703
2203.0000 0.12711
2204.0000 0.12725
2205.0000 0.12872
2206.0000 0.12846
2207.0000 0.12780
2208.0000 0.12821
2209.0000 0.12814
2210.0000 0.12754
2211.0000 0.12738
2212.0000 0.12779
2213.0000 0.12743
2214.0000 0.12696
2215.0000 0.12732
2216.0000 0.12729
2217.0000 0.12758
2218.0000 0.12729
2219.0000 0.12762
2220.0000 0.12760
2221.0000 0.12734
2222.0000 0.12780
2223.0000 0.12779
2224.0000 0.12776
2225.0000 0.12734
2226.0000 0.12644
2227.0000 0.12554
2228.0000 0.12534
2229.0000 0.12494
2230.0000 0.12442
2231.0000 0.12467
2232.0000 0.12497
2233.0000 0.12443
2234.0000 0.12409
2235.0000 0.12404
2236.0000 0.12381
2237.0000 0.12393
2238.0000 0.12285
2239.0000 0.12252
2240.0000 0.12169
2241.0000 0.12104
2242.0000 0.12066
2243.0000 0.12007
2244.0000 0.12026
2245.0000 0.11956
2246.0000 0.11922
2247.0000 0.11894
2248.0000 0.11810
2249.0000 0.11823
2250.0000 0.11834
2251.0000 0.11809
2252.0000 0.11760
2253.0000 0.11656
2254.0000 0.11663
2255.0000 0.11607
2256.0000 0.11581
2257.0000 0.11564
2258.0000 0.11545
2259.0000 0.11549
2260.0000 0.11439
2261.0000 0.11436
2262.0000 0.11413
2263.0000 0.11321
2264.0000 0.11302
2265.0000 0.11255
2266.0000 0.11255
2267.0000 0.11279
2268.0000 0.11089
2269.0000 0.11029
2270.0000 0.10972
2271.0000 0.10893
2272.0000 0.10890
2273.0000 0.10877
2274.0000 0.10774
2275.0000 0.10780
2276.0000 0.10762
2277.0000 0.10708
2278.0000 0.10643
2279.0000 0.10567
2280.0000 0.10611
2281.0000 0.10602
2282.0000 0.10562
2283.0000 0.10443
2284.0000 0.10442
2285.0000 0.10429
2286.0000 0.10420
2287.0000 0.10413
2288.0000 0.10381
2289.0000 0.10304
2290.0000 0.10259
2291.0000 0.10275
2292.0000 0.10217
2293.0000 0.10157
2294.0000 0.10097
2295.0000 0.10016
2296.0000 0.09992
2297.0000 0.10001
2298.0000 0.09935
2299.0000 0.09839
2300.0000 0.09867
2301.0000 0.09758
2302.0000 0.09644
2303.0000 0.09612
2304.0000 0.09583
2305.0000 0.09519
2306.0000 0.09468
2307.0000 0.09366
2308.0000 0.09302
2309.0000 0.09296
2310.0000 0.09206
2311.0000 0.09118
2312.0000 0.09094
2313.0000 0.09053
2314.0000 0.09028
2315.0000 0.08989
2316.0000 0.08973
2317.0000 0.08984
2318.0000 0.08923
2319.0000 0.08934
2320.0000 0.08892
2321.0000 0.08787
2322.0000 0.08808
2323.0000 0.08865
2324.0000 0.08785
2325.0000 0.08752
2326.0000 0.08706
2327.0000 0.08674
2328.0000 0.08724
2329.0000 0.08708
2330.0000 0.08657
2331.0000 0.08628
2332.0000 0.08616
2333.0000 0.08581
2334.0000 0.08489
2335.0000 0.08402
2336.0000 0.08336
2337.0000 0.08279
2338.0000 0.08249
2339.0000 0.08223
2340.0000 0.08181
2341.0000 0.08147
2342.0000 0.08117
2343.0000 0.08051
2344.0000 0.08011
2345.0000 0.07927
2346.0000 0.07812
2347.0000 0.07822
2348.0000 0.07860
2349.0000 0.07882
2350.0000 0.07858
2351.0000 0.07712
2352.0000 0.07655
2353.0000 0.07674
2354.0000 0.07640
2355.0000 0.07601
2356.0000 0.07572
2357.0000 0.07573
2358.0000 0.07543
2359.0000 0.07471
2360.0000 0.07442
2361.0000 0.07431
2362.0000 0.07331
2363.0000 0.07225
2364.0000 0.07237
2365.0000 0.07196
2366.0000 0.07255
2367.0000 0.07228
2368.0000 0.07039
2369.0000 0.06979
2370.0000 0.06860
2371.0000 0.06788
2372.0000 0.06801
2373.0000 0.06738
2374.0000 0.06692
2375.0000 0.06687
2376.0000 0.06721
2377.0000 0.06757
2378.0000 0.06754
2379.0000 0.06727
2380.0000 0.06718
2381.0000 0.06667
2382.0000 0.06582
2383.0000 0.06490
2384.0000 0.06367
2385.0000 0.06322
2386.0000 0.06333
2387.0000 0.06301
2388.0000 0.06445
2389.0000 0.06462
2390.0000 0.06363
2391.0000 0.06433
2392.0000 0.06306
2393.0000 0.06240
2394.0000 0.06203
2395.0000 0.06226
2396.0000 0.06143
2397.0000 0.06034
2398.0000 0.05807
2399.0000 0.05679
2400.0000 0.05596
2401.0000 0.05633
2402.0000 0.05865
2403.0000 0.05807
2404.0000 0.05668
2405.0000 0.05574
2406.0000 0.05347
2407.0000 0.05261
2408.0000 0.05263
2409.0000 0.05207
2410.0000 0.05183
2411.0000 0.05201
2412.0000 0.05193
2413.0000 0.05273
2414.0000 0.05401
2415.0000 0.05343
2416.0000 0.05101
2417.0000 0.04932
2418.0000 0.04777
2419.0000 0.04773
2420.0000 0.04828
2421.0000 0.04900
2422.0000 0.05000
2423.0000 0.04963
2424.0000 0.05009
2425.0000 0.04990
2426.0000 0.04798
2427.0000 0.04754
2428.0000 0.04610
2429.0000 0.04485
2430.0000 0.04491
2431.0000 0.04522
2432.0000 0.04584
2433.0000 0.04507
2434.0000 0.04469
2435.0000 0.04344
2436.0000 0.04159
2437.0000 0.04012
2438.0000 0.03851
2439.0000 0.03826
2440.0000 0.03826
2441.0000 0.03808
2442.0000 0.03838
2443.0000 0.03763
2444.0000 0.03533
2445.0000 0.03522
2446.0000 0.03528
2447.0000 0.03504
2448.0000 0.03711
2449.0000 0.03744
2450.0000 0.03689
2451.0000 0.03695
2452.0000 0.03726
2453.0000 0.03750
2454.0000 0.03664
2455.0000 0.03581
2456.0000 0.03527
2457.0000 0.03451
2458.0000 0.03192
2459.0000 0.03114
2460.0000 0.03192
2461.0000 0.03209
2462.0000 0.03291
2463.0000 0.03301
2464.0000 0.03222
2465.0000 0.03181
2466.0000 0.03034
2467.0000 0.02943
2468.0000 0.02927
2469.0000 0.02774
2470.0000 0.02503
2471.0000 0.02373
2472.0000 0.02214
2473.0000 0.02107
2474.0000 0.02148
2475.0000 0.02315
2476.0000 0.02491
2477.0000 0.02588
2478.0000 0.03069
2479.0000 0.03114
2480.0000 0.02562
2481.0000 0.02141
2482.0000 0.01266
2483.0000 0.00790
2484.0000 0.00447
2485.0000 0.00034
2486.0000 0.00000
2487.0000 0.00117
2488.0000 0.00656
2489.0000 0.00786
2490.0000 0.01334
2491.0000 0.01308
2492.0000 0.00646
2493.0000 0.00000
2494.0000 0.00000
2495.0000 0.00000
2496.0000 0.00000
2497.0000 0.00000
2498.0000 0.00000
2499.0000 0.00000
2500.0000 0.00881
