360.00000000 0.01434265
361.00000000 0.01437881
362.00000000 0.01444188
363.00000000 0.01452466
364.00000000 0.01463191
365.00000000 0.01476969
366.00000000 0.01492257
367.00000000 0.01509363
368.00000000 0.01528225
369.00000000 0.01548386
370.00000000 0.01569926
371.00000000 0.01591945
372.00000000 0.01612441
373.00000000 0.01631749
374.00000000 0.01649772
375.00000000 0.01665710
376.00000000 0.01680912
377.00000000 0.01697519
378.00000000 0.01716436
379.00000000 0.01739057
380.00000000 0.01766321
381.00000000 0.01797545
382.00000000 0.01830926
383.00000000 0.01863816
384.00000000 0.01894128
385.00000000 0.01921179
386.00000000 0.01944816
387.00000000 0.01966296
388.00000000 0.01986794
389.00000000 0.02007103
390.00000000 0.02027955
391.00000000 0.02049639
392.00000000 0.02071979
393.00000000 0.02094644
394.00000000 0.02115915
395.00000000 0.02134915
396.00000000 0.02150901
397.00000000 0.02164800
398.00000000 0.02177355
399.00000000 0.02190131
400.00000000 0.02204669
401.00000000 0.02222871
402.00000000 0.02245319
403.00000000 0.02270674
404.00000000 0.02297975
405.00000000 0.02326575
406.00000000 0.02355085
407.00000000 0.02381209
408.00000000 0.02406755
409.00000000 0.02431674
410.00000000 0.02455705
411.00000000 0.02479002
412.00000000 0.02502104
413.00000000 0.02524478
414.00000000 0.02547388
415.00000000 0.02570949
416.00000000 0.02595280
417.00000000 0.02620684
418.00000000 0.02646982
419.00000000 0.02674083
420.00000000 0.02701732
421.00000000 0.02730720
422.00000000 0.02761823
423.00000000 0.02794003
424.00000000 0.02827713
425.00000000 0.02862927
426.00000000 0.02900008
427.00000000 0.02937417
428.00000000 0.02976176
429.00000000 0.03014160
430.00000000 0.03050511
431.00000000 0.03084370
432.00000000 0.03116759
433.00000000 0.03147210
434.00000000 0.03176713
435.00000000 0.03208588
436.00000000 0.03241861
437.00000000 0.03275610
438.00000000 0.03309460
439.00000000 0.03344079
440.00000000 0.03377710
441.00000000 0.03411214
442.00000000 0.03444611
443.00000000 0.03478319
444.00000000 0.03512071
445.00000000 0.03545463
446.00000000 0.03578563
447.00000000 0.03611188
448.00000000 0.03643869
449.00000000 0.03676517
450.00000000 0.03708550
451.00000000 0.03739267
452.00000000 0.03769294
453.00000000 0.03798465
454.00000000 0.03827133
455.00000000 0.03856437
456.00000000 0.03885336
457.00000000 0.03914249
458.00000000 0.03942931
459.00000000 0.03971463
460.00000000 0.03999284
461.00000000 0.04027592
462.00000000 0.04055664
463.00000000 0.04083406
464.00000000 0.04110925
465.00000000 0.04137921
466.00000000 0.04164815
467.00000000 0.04192562
468.00000000 0.04221235
469.00000000 0.04249996
470.00000000 0.04278664
471.00000000 0.04307825
472.00000000 0.04336915
473.00000000 0.04365231
474.00000000 0.04393365
475.00000000 0.04421813
476.00000000 0.04449191
477.00000000 0.04476135
478.00000000 0.04503943
479.00000000 0.04531958
480.00000000 0.04560086
481.00000000 0.04589082
482.00000000 0.04618547
483.00000000 0.04647513
484.00000000 0.04676476
485.00000000 0.04705385
486.00000000 0.04734687
487.00000000 0.04764819
488.00000000 0.04796892
489.00000000 0.04830765
490.00000000 0.04866190
491.00000000 0.04902631
492.00000000 0.04939473
493.00000000 0.04976503
494.00000000 0.05014378
495.00000000 0.05053146
496.00000000 0.05093481
497.00000000 0.05134293
498.00000000 0.05174365
499.00000000 0.05214288
500.00000000 0.05255000
501.00000000 0.05295698
502.00000000 0.05336545
503.00000000 0.05379231
504.00000000 0.05423120
505.00000000 0.05467010
506.00000000 0.05509729
507.00000000 0.05551380
508.00000000 0.05592272
509.00000000 0.05631779
510.00000000 0.05669966
511.00000000 0.05707237
512.00000000 0.05744645
513.00000000 0.05781671
514.00000000 0.05817938
515.00000000 0.05853417
516.00000000 0.05888133
517.00000000 0.05924813
518.00000000 0.05963525
519.00000000 0.06004370
520.00000000 0.06047066
521.00000000 0.06092680
522.00000000 0.06139305
523.00000000 0.06185166
524.00000000 0.06230196
525.00000000 0.06275742
526.00000000 0.06323057
527.00000000 0.06371358
528.00000000 0.06421223
529.00000000 0.06473158
530.00000000 0.06526623
531.00000000 0.06578145
532.00000000 0.06628153
533.00000000 0.06678612
534.00000000 0.06728532
535.00000000 0.06777693
536.00000000 0.06828188
537.00000000 0.06878558
538.00000000 0.06927165
539.00000000 0.06975021
540.00000000 0.07022757
541.00000000 0.07070201
542.00000000 0.07117709
543.00000000 0.07165649
544.00000000 0.07214037
545.00000000 0.07261856
546.00000000 0.07308923
547.00000000 0.07355547
548.00000000 0.07401720
549.00000000 0.07447520
550.00000000 0.07493613
551.00000000 0.07539974
552.00000000 0.07586845
553.00000000 0.07634174
554.00000000 0.07681093
555.00000000 0.07727854
556.00000000 0.07773697
557.00000000 0.07819334
558.00000000 0.07865086
559.00000000 0.07911894
560.00000000 0.07959375
561.00000000 0.08008203
562.00000000 0.08057280
563.00000000 0.08106053
564.00000000 0.08154403
565.00000000 0.08201563
566.00000000 0.08248067
567.00000000 0.08295771
568.00000000 0.08341925
569.00000000 0.08386036
570.00000000 0.08431056
571.00000000 0.08475560
572.00000000 0.08516754
573.00000000 0.08557336
574.00000000 0.08597726
575.00000000 0.08635976
576.00000000 0.08671148
577.00000000 0.08704579
578.00000000 0.08737109
579.00000000 0.08768304
580.00000000 0.08797630
581.00000000 0.08827398
582.00000000 0.08856723
583.00000000 0.08884415
584.00000000 0.08909571
585.00000000 0.08933059
586.00000000 0.08954772
587.00000000 0.08973056
588.00000000 0.08988812
589.00000000 0.09003869
590.00000000 0.09017541
591.00000000 0.09029379
592.00000000 0.09041301
593.00000000 0.09051584
594.00000000 0.09058585
595.00000000 0.09061999
596.00000000 0.09060630
597.00000000 0.09054205
598.00000000 0.09045369
599.00000000 0.09034668
600.00000000 0.09022520
601.00000000 0.09013179
602.00000000 0.09008366
603.00000000 0.09007537
604.00000000 0.09012062
605.00000000 0.09022000
606.00000000 0.09035126
607.00000000 0.09049950
608.00000000 0.09066101
609.00000000 0.09082489
610.00000000 0.09099721
611.00000000 0.09117427
612.00000000 0.09135663
613.00000000 0.09153436
614.00000000 0.09170490
615.00000000 0.09186577
616.00000000 0.09202754
617.00000000 0.09219646
618.00000000 0.09237768
619.00000000 0.09257087
620.00000000 0.09276087
621.00000000 0.09295010
622.00000000 0.09314220
623.00000000 0.09332048
624.00000000 0.09349098
625.00000000 0.09367022
626.00000000 0.09384172
627.00000000 0.09400091
628.00000000 0.09416899
629.00000000 0.09434350
630.00000000 0.09451863
631.00000000 0.09469614
632.00000000 0.09487174
633.00000000 0.09504132
634.00000000 0.09521030
635.00000000 0.09538178
636.00000000 0.09554980
637.00000000 0.09572408
638.00000000 0.09590346
639.00000000 0.09607045
640.00000000 0.09622635
641.00000000 0.09637720
642.00000000 0.09650366
643.00000000 0.09661732
644.00000000 0.09673857
645.00000000 0.09685096
646.00000000 0.09695056
647.00000000 0.09705004
648.00000000 0.09712947
649.00000000 0.09717927
650.00000000 0.09722040
651.00000000 0.09725385
652.00000000 0.09726870
653.00000000 0.09724537
654.00000000 0.09716110
655.00000000 0.09699024
656.00000000 0.09677214
657.00000000 0.09653571
658.00000000 0.09631941
659.00000000 0.09614717
660.00000000 0.09603360
661.00000000 0.09594797
662.00000000 0.09587463
663.00000000 0.09580831
664.00000000 0.09575196
665.00000000 0.09571260
666.00000000 0.09569127
667.00000000 0.09570086
668.00000000 0.09573881
669.00000000 0.09577725
670.00000000 0.09582698
671.00000000 0.09590019
672.00000000 0.09598451
673.00000000 0.09607787
674.00000000 0.09620315
675.00000000 0.09634840
676.00000000 0.09649658
677.00000000 0.09664496
678.00000000 0.09679927
679.00000000 0.09696850
680.00000000 0.09715637
681.00000000 0.09735846
682.00000000 0.09756942
683.00000000 0.09781835
684.00000000 0.09808922
685.00000000 0.09829884
686.00000000 0.09846535
687.00000000 0.09861038
688.00000000 0.09870751
689.00000000 0.09877089
690.00000000 0.09887661
691.00000000 0.09898802
692.00000000 0.09907887
693.00000000 0.09913592
694.00000000 0.09914761
695.00000000 0.09909844
696.00000000 0.09900146
697.00000000 0.09885075
698.00000000 0.09864343
699.00000000 0.09837534
700.00000000 0.09805350
701.00000000 0.09768042
702.00000000 0.09726959
703.00000000 0.09682556
704.00000000 0.09635245
705.00000000 0.09584272
706.00000000 0.09528454
707.00000000 0.09466951
708.00000000 0.09398324
709.00000000 0.09321525
710.00000000 0.09236391
711.00000000 0.09142786
712.00000000 0.09041131
713.00000000 0.08933285
714.00000000 0.08820677
715.00000000 0.08705061
716.00000000 0.08585141
717.00000000 0.08457398
718.00000000 0.08322473
719.00000000 0.08183555
720.00000000 0.08043733
721.00000000 0.07904734
722.00000000 0.07768085
723.00000000 0.07631992
724.00000000 0.07492173
725.00000000 0.07343579
726.00000000 0.07184250
727.00000000 0.07013908
728.00000000 0.06831784
729.00000000 0.06640260
730.00000000 0.06443389
731.00000000 0.06248764
732.00000000 0.06063769
733.00000000 0.05895195
734.00000000 0.05745138
735.00000000 0.05615428
736.00000000 0.05507998
737.00000000 0.05420559
738.00000000 0.05349805
739.00000000 0.05294632
740.00000000 0.05252512
741.00000000 0.05218210
742.00000000 0.05191141
743.00000000 0.05170671
744.00000000 0.05153682
745.00000000 0.05140013
746.00000000 0.05130388
747.00000000 0.05120870
748.00000000 0.05110590
749.00000000 0.05103569
750.00000000 0.05096970
751.00000000 0.05088350
752.00000000 0.05080860
753.00000000 0.05075043
754.00000000 0.05068805
755.00000000 0.05067779
756.00000000 0.05074486
757.00000000 0.05090679
758.00000000 0.05108814
759.00000000 0.05118398
760.00000000 0.05119129
761.00000000 0.05110552
762.00000000 0.05089767
763.00000000 0.05065617
764.00000000 0.05049750
765.00000000 0.05040491
766.00000000 0.05037214
767.00000000 0.05040575
768.00000000 0.05047864
769.00000000 0.05057406
770.00000000 0.05067339
771.00000000 0.05078225
772.00000000 0.05090433
773.00000000 0.05105195
774.00000000 0.05122144
775.00000000 0.05140621
776.00000000 0.05160729
777.00000000 0.05181929
778.00000000 0.05203530
779.00000000 0.05226397
780.00000000 0.05251451
781.00000000 0.05276572
782.00000000 0.05302337
783.00000000 0.05330559
784.00000000 0.05359856
785.00000000 0.05389604
786.00000000 0.05420963
787.00000000 0.05453833
788.00000000 0.05487587
789.00000000 0.05523136
790.00000000 0.05560235
791.00000000 0.05597248
792.00000000 0.05634146
793.00000000 0.05670563
794.00000000 0.05706974
795.00000000 0.05743522
796.00000000 0.05781062
797.00000000 0.05817977
798.00000000 0.05853568
799.00000000 0.05887231
800.00000000 0.05918999
801.00000000 0.05948762
802.00000000 0.05976921
803.00000000 0.06002992
804.00000000 0.06026147
805.00000000 0.06045710
806.00000000 0.06061031
807.00000000 0.06070602
808.00000000 0.06074945
809.00000000 0.06075348
810.00000000 0.06071789
811.00000000 0.06064257
812.00000000 0.06052786
813.00000000 0.06037305
814.00000000 0.06016916
815.00000000 0.05989577
816.00000000 0.05954782
817.00000000 0.05913073
818.00000000 0.05867064
819.00000000 0.05815740
820.00000000 0.05754871
821.00000000 0.05683245
822.00000000 0.05601291
823.00000000 0.05504018
824.00000000 0.05390650
825.00000000 0.05266297
826.00000000 0.05131839
827.00000000 0.04987769
828.00000000 0.04840457
829.00000000 0.04695215
830.00000000 0.04557491
831.00000000 0.04431791
832.00000000 0.04321799
833.00000000 0.04228096
834.00000000 0.04149178
835.00000000 0.04082136
836.00000000 0.04025918
837.00000000 0.03978188
838.00000000 0.03934866
839.00000000 0.03895891
840.00000000 0.03861954
841.00000000 0.03829676
842.00000000 0.03798164
843.00000000 0.03768188
844.00000000 0.03737422
845.00000000 0.03704515
846.00000000 0.03673212
847.00000000 0.03643682
848.00000000 0.03614234
849.00000000 0.03586712
850.00000000 0.03561871
851.00000000 0.03537237
852.00000000 0.03511560
853.00000000 0.03484378
854.00000000 0.03456432
855.00000000 0.03428098
856.00000000 0.03401208
857.00000000 0.03374903
858.00000000 0.03349073
859.00000000 0.03324919
860.00000000 0.03302156
861.00000000 0.03277653
862.00000000 0.03254761
863.00000000 0.03235042
864.00000000 0.03213351
865.00000000 0.03187856
866.00000000 0.03159764
867.00000000 0.03131006
868.00000000 0.03103045
869.00000000 0.03075747
870.00000000 0.03049324
871.00000000 0.03024892
872.00000000 0.02998272
873.00000000 0.02968567
874.00000000 0.02936618
875.00000000 0.02905171
876.00000000 0.02875490
877.00000000 0.02846185
878.00000000 0.02816046
879.00000000 0.02788493
880.00000000 0.02761651
881.00000000 0.02733451
882.00000000 0.02704449
883.00000000 0.02677013
884.00000000 0.02650887
885.00000000 0.02623752
886.00000000 0.02594612
887.00000000 0.02568961
888.00000000 0.02544341
889.00000000 0.02516552
890.00000000 0.02490265
891.00000000 0.02468440
892.00000000 0.02445715
893.00000000 0.02424420
894.00000000 0.02409781
895.00000000 0.02395970
896.00000000 0.02380078
897.00000000 0.02366295
898.00000000 0.02349957
899.00000000 0.02326411
900.00000000 0.02301169
901.00000000 0.02278647
902.00000000 0.02255839
903.00000000 0.02236499
904.00000000 0.02222142
905.00000000 0.02209015
906.00000000 0.02192530
907.00000000 0.02171538
908.00000000 0.02148336
909.00000000 0.02124320
910.00000000 0.02097630
911.00000000 0.02070952
912.00000000 0.02042926
913.00000000 0.02014749
914.00000000 0.01985393
915.00000000 0.01954047
916.00000000 0.01917989
917.00000000 0.01884514
918.00000000 0.01848029
919.00000000 0.01805763
920.00000000 0.01765175
921.00000000 0.01727139
922.00000000 0.01685116
923.00000000 0.01641701
924.00000000 0.01600497
925.00000000 0.01558079
926.00000000 0.01518383
927.00000000 0.01481771
928.00000000 0.01446480
929.00000000 0.01419042
930.00000000 0.01397039
931.00000000 0.01379443
932.00000000 0.01359209
933.00000000 0.01335778
934.00000000 0.01302486
935.00000000 0.01260223
936.00000000 0.01208365
937.00000000 0.01152849
938.00000000 0.01104242
939.00000000 0.01064991
940.00000000 0.01038688
941.00000000 0.01020796
942.00000000 0.01011421
943.00000000 0.01001095
944.00000000 0.00982674
945.00000000 0.00956873
946.00000000 0.00923637
947.00000000 0.00893255
948.00000000 0.00863960
949.00000000 0.00838469
950.00000000 0.00812375
951.00000000 0.00793190
952.00000000 0.00774493
953.00000000 0.00755882
954.00000000 0.00740797
955.00000000 0.00727475
956.00000000 0.00710133
957.00000000 0.00692027
958.00000000 0.00678542
959.00000000 0.00664391
960.00000000 0.00651081
961.00000000 0.00643337
962.00000000 0.00639483
963.00000000 0.00629177
964.00000000 0.00619199
965.00000000 0.00613734
966.00000000 0.00609488
967.00000000 0.00602112
968.00000000 0.00597532
969.00000000 0.00594534
970.00000000 0.00595834
971.00000000 0.00601784
972.00000000 0.00603846
973.00000000 0.00609771
974.00000000 0.00617412
975.00000000 0.00618203
976.00000000 0.00612397
977.00000000 0.00611771
978.00000000 0.00610441
979.00000000 0.00606324
980.00000000 0.00606947
981.00000000 0.00608780
982.00000000 0.00610492
983.00000000 0.00613117
984.00000000 0.00619607
985.00000000 0.00624657
986.00000000 0.00627845
987.00000000 0.00633064
988.00000000 0.00639620
989.00000000 0.00640764
990.00000000 0.00642030
991.00000000 0.00651085
992.00000000 0.00657263
993.00000000 0.00659566
994.00000000 0.00669096
995.00000000 0.00680519
996.00000000 0.00688153
997.00000000 0.00696982
998.00000000 0.00704202
999.00000000 0.00710326
1000.0000000 0.00716648
2500.0000000 0.00716648