0.00000000 2.04000000 0.00140000
1.00000000 2.04070000 0.00140000
2.00000000 2.04140000 0.00140000
3.00000000 2.04210000 0.00140000
4.00000000 2.04280000 0.00140000
5.00000000 2.04350000 0.00140000
6.00000000 2.04420000 0.00140000
7.00000000 2.04490000 0.00140000
8.00000000 2.04560000 0.00140000
9.00000000 2.04630000 0.00140000
10.00000000 2.04700000 0.00140000
11.00000000 2.04770000 0.00140000
12.00000000 2.04840000 0.00140000
13.00000000 2.04910000 0.00140000
14.00000000 2.04980000 0.00140000
15.00000000 2.05050000 0.00140000
16.00000000 2.05120000 0.00140000
17.00000000 2.05190000 0.00140000
18.00000000 2.05260000 0.00140000
19.00000000 2.05330000 0.00140000
20.00000000 2.05400000 0.00140000
21.00000000 2.05470000 0.00140000
22.00000000 2.05540000 0.00140000
23.00000000 2.05610000 0.00140000
24.00000000 2.05680000 0.00140000
25.00000000 2.05750000 0.00140000
26.00000000 2.05820000 0.00140000
27.00000000 2.05890000 0.00140000
28.00000000 2.05960000 0.00140000
29.00000000 2.06030000 0.00140000
30.00000000 2.06100000 0.00140000
31.00000000 2.06170000 0.00140000
32.00000000 2.06240000 0.00140000
33.00000000 2.06310000 0.00140000
34.00000000 2.06380000 0.00140000
35.00000000 2.06450000 0.00140000
36.00000000 2.06520000 0.00140000
37.00000000 2.06590000 0.00140000
38.00000000 2.06660000 0.00140000
39.00000000 2.06730000 0.00140000
40.00000000 2.06800000 0.00140000
41.00000000 2.06870000 0.00140000
42.00000000 2.06940000 0.00140000
43.00000000 2.07010000 0.00140000
44.00000000 2.07080000 0.00140000
45.00000000 2.07150000 0.00140000
46.00000000 2.07220000 0.00140000
47.00000000 2.07290000 0.00140000
48.00000000 2.07360000 0.00140000
49.00000000 2.07430000 0.00140000
50.00000000 2.07500000 0.00140000
51.00000000 2.07570000 0.00140000
52.00000000 2.07640000 0.00140000
53.00000000 2.07710000 0.00140000
54.00000000 2.07780000 0.00140000
55.00000000 2.07850000 0.00140000
56.00000000 2.07920000 0.00140000
57.00000000 2.07990000 0.00140000
58.00000000 2.08060000 0.00140000
59.00000000 2.08130000 0.00140000
60.00000000 2.08200000 0.00140000
61.00000000 2.08270000 0.00140000
62.00000000 2.08340000 0.00140000
63.00000000 2.08410000 0.00140000
64.00000000 2.08480000 0.00140000
65.00000000 2.08550000 0.00140000
66.00000000 2.08620000 0.00140000
67.00000000 2.08690000 0.00140000
68.00000000 2.08760000 0.00140000
69.00000000 2.08830000 0.00140000
70.00000000 2.08900000 0.00140000
71.00000000 2.08970000 0.00140000
72.00000000 2.09040000 0.00140000
73.00000000 2.09110000 0.00140000
74.00000000 2.09180000 0.00140000
75.00000000 2.09250000 0.00140000
76.00000000 2.09320000 0.00140000
77.00000000 2.09390000 0.00140000
78.00000000 2.09460000 0.00140000
79.00000000 2.09530000 0.00140000
80.00000000 2.09600000 0.00140000
81.00000000 2.09670000 0.00140000
82.00000000 2.09740000 0.00140000
83.00000000 2.09810000 0.00140000
84.00000000 2.09880000 0.00140000
85.00000000 2.09950000 0.00140000
86.00000000 2.10020000 0.00140000
87.00000000 2.10090000 0.00140000
88.00000000 2.10160000 0.00140000
89.00000000 2.10230000 0.00140000
90.00000000 2.10300000 0.00140000
91.00000000 2.10370000 0.00140000
92.00000000 2.10440000 0.00140000
93.00000000 2.10510000 0.00140000
94.00000000 2.10580000 0.00140000
95.00000000 2.10650000 0.00140000
96.00000000 2.10720000 0.00140000
97.00000000 2.10790000 0.00140000
98.00000000 2.10860000 0.00140000
99.00000000 2.10930000 0.00140000
100.00000000 2.11000000 0.00140000
101.00000000 2.11070000 0.00140000
102.00000000 2.11140000 0.00140000
103.00000000 2.11210000 0.00140000
104.00000000 2.11280000 0.00140000
105.00000000 2.11350000 0.00140000
106.00000000 2.11420000 0.00140000
107.00000000 2.11490000 0.00140000
108.00000000 2.11560000 0.00140000
109.00000000 2.11630000 0.00140000
110.00000000 2.11700000 0.00140000
111.00000000 2.11770000 0.00140000
112.00000000 2.11840000 0.00140000
113.00000000 2.11910000 0.00140000
114.00000000 2.11980000 0.00140000
115.00000000 2.12050000 0.00140000
116.00000000 2.12120000 0.00140000
117.00000000 2.12190000 0.00140000
118.00000000 2.12260000 0.00140000
119.00000000 2.12330000 0.00140000
120.00000000 2.12400000 0.00140000
121.00000000 2.12470000 0.00140000
122.00000000 2.12540000 0.00140000
123.00000000 2.12610000 0.00140000
124.00000000 2.12680000 0.00140000
125.00000000 2.12750000 0.00140000
126.00000000 2.12820000 0.00140000
127.00000000 2.12890000 0.00140000
128.00000000 2.12960000 0.00140000
129.00000000 2.13030000 0.00140000
130.00000000 2.13100000 0.00140000
131.00000000 2.13170000 0.00140000
132.00000000 2.13240000 0.00140000
133.00000000 2.13310000 0.00140000
134.00000000 2.13380000 0.00140000
135.00000000 2.13450000 0.00140000
136.00000000 2.13520000 0.00140000
137.00000000 2.13590000 0.00140000
138.00000000 2.13660000 0.00140000
139.00000000 2.13730000 0.00140000
140.00000000 2.13800000 0.00140000
141.00000000 2.13870000 0.00140000
142.00000000 2.13940000 0.00140000
143.00000000 2.14010000 0.00140000
144.00000000 2.14080000 0.00140000
145.00000000 2.14150000 0.00140000
146.00000000 2.14220000 0.00140000
147.00000000 2.14290000 0.00140000
148.00000000 2.14360000 0.00140000
149.00000000 2.14430000 0.00140000
150.00000000 2.14500000 0.00140000
151.00000000 2.14570000 0.00140000
152.00000000 2.14640000 0.00140000
153.00000000 2.14710000 0.00140000
154.00000000 2.14780000 0.00140000
155.00000000 2.14850000 0.00140000
156.00000000 2.14920000 0.00140000
157.00000000 2.14990000 0.00140000
158.00000000 2.15060000 0.00140000
159.00000000 2.15130000 0.00140000
160.00000000 2.15200000 0.00140000
161.00000000 2.15270000 0.00140000
162.00000000 2.15340000 0.00140000
163.00000000 2.15410000 0.00140000
164.00000000 2.15480000 0.00140000
165.00000000 2.15550000 0.00140000
166.00000000 2.15620000 0.00140000
167.00000000 2.15690000 0.00140000
168.00000000 2.15760000 0.00140000
169.00000000 2.15830000 0.00140000
170.00000000 2.15900000 0.00140000
171.00000000 2.15970000 0.00140000
172.00000000 2.16040000 0.00140000
173.00000000 2.16110000 0.00140000
174.00000000 2.16180000 0.00140000
175.00000000 2.16250000 0.00140000
176.00000000 2.16320000 0.00140000
177.00000000 2.16390000 0.00140000
178.00000000 2.16460000 0.00140000
179.00000000 2.16530000 0.00140000
180.00000000 2.16600000 0.00140000
181.00000000 2.16670000 0.00140000
182.00000000 2.16740000 0.00140000
183.00000000 2.16810000 0.00140000
184.00000000 2.16880000 0.00140000
185.00000000 2.16950000 0.00140000
186.00000000 2.17020000 0.00140000
187.00000000 2.17090000 0.00140000
188.00000000 2.17160000 0.00140000
189.00000000 2.17230000 0.00140000
190.00000000 2.17300000 0.00140000
191.00000000 2.17370000 0.00140000
192.00000000 2.17440000 0.00140000
193.00000000 2.17510000 0.00140000
194.00000000 2.17580000 0.00140000
195.00000000 2.17650000 0.00140000
196.00000000 2.17720000 0.00140000
197.00000000 2.17790000 0.00140000
198.00000000 2.17860000 0.00140000
199.00000000 2.17930000 0.00140000
200.00000000 2.18000000 0.00140000
201.00000000 2.18070000 0.00140000
202.00000000 2.18140000 0.00140000
203.00000000 2.18210000 0.00140000
204.00000000 2.18280000 0.00140000
205.00000000 2.18350000 0.00140000
206.00000000 2.18420000 0.00140000
207.00000000 2.18490000 0.00140000
208.00000000 2.18560000 0.00140000
209.00000000 2.18630000 0.00140000
210.00000000 2.18700000 0.00140000
211.00000000 2.18770000 0.00140000
212.00000000 2.18840000 0.00140000
213.00000000 2.18910000 0.00140000
214.00000000 2.18980000 0.00140000
215.00000000 2.19050000 0.00140000
216.00000000 2.19120000 0.00140000
217.00000000 2.19190000 0.00140000
218.00000000 2.19260000 0.00140000
219.00000000 2.19330000 0.00140000
220.00000000 2.19400000 0.00140000
221.00000000 2.19470000 0.00140000
222.00000000 2.19540000 0.00140000
223.00000000 2.19610000 0.00140000
224.00000000 2.19680000 0.00140000
225.00000000 2.19750000 0.00140000
226.00000000 2.19820000 0.00140000
227.00000000 2.19890000 0.00140000
228.00000000 2.19960000 0.00140000
229.00000000 2.20030000 0.00140000
230.00000000 2.20100000 0.00140000
231.00000000 2.20170000 0.00140000
232.00000000 2.20240000 0.00140000
233.00000000 2.20310000 0.00140000
234.00000000 2.20380000 0.00140000
235.00000000 2.20450000 0.00140000
236.00000000 2.20520000 0.00140000
237.00000000 2.20590000 0.00140000
238.00000000 2.20660000 0.00140000
239.00000000 2.20730000 0.00140000
240.00000000 2.20800000 0.00140000
241.00000000 2.20870000 0.00140000
242.00000000 2.20940000 0.00140000
243.00000000 2.21010000 0.00140000
244.00000000 2.21080000 0.00140000
245.00000000 2.21150000 0.00140000
246.00000000 2.21220000 0.00140000
247.00000000 2.21290000 0.00140000
248.00000000 2.21360000 0.00140000
249.00000000 2.21430000 0.00140000
250.00000000 2.21500000 0.00140000
251.00000000 2.21570000 0.00140000
252.00000000 2.21640000 0.00140000
253.00000000 2.21710000 0.00140000
254.00000000 2.21780000 0.00140000
255.00000000 2.21850000 0.00140000
256.00000000 2.21920000 0.00140000
257.00000000 2.21990000 0.00140000
258.00000000 2.22060000 0.00140000
259.00000000 2.22130000 0.00140000
260.00000000 2.22200000 0.00140000
261.00000000 2.22270000 0.00140000
262.00000000 2.22340000 0.00140000
263.00000000 2.22410000 0.00140000
264.00000000 2.22480000 0.00140000
265.00000000 2.22550000 0.00140000
266.00000000 2.22620000 0.00140000
267.00000000 2.22690000 0.00140000
268.00000000 2.22760000 0.00140000
269.00000000 2.22830000 0.00140000
270.00000000 2.22900000 0.00140000
271.00000000 2.22970000 0.00140000
272.00000000 2.23040000 0.00140000
273.00000000 2.23110000 0.00140000
274.00000000 2.23180000 0.00140000
275.00000000 2.23250000 0.00140000
276.00000000 2.23320000 0.00140000
277.00000000 2.23390000 0.00140000
278.00000000 2.23460000 0.00140000
279.00000000 2.23530000 0.00140000
280.00000000 2.23600000 0.00140000
281.00000000 2.23670000 0.00140000
282.00000000 2.23740000 0.00140000
283.00000000 2.23810000 0.00140000
284.00000000 2.23880000 0.00140000
285.00000000 2.23950000 0.00140000
286.00000000 2.24020000 0.00140000
287.00000000 2.24090000 0.00140000
288.00000000 2.24160000 0.00140000
289.00000000 2.24230000 0.00140000
290.00000000 2.24300000 0.00140000
291.00000000 2.24370000 0.00140000
292.00000000 2.24440000 0.00140000
293.00000000 2.24510000 0.00140000
294.00000000 2.24580000 0.00140000
295.00000000 2.24650000 0.00140000
296.00000000 2.24720000 0.00140000
297.00000000 2.24790000 0.00140000
298.00000000 2.24860000 0.00140000
299.00000000 2.24930000 0.00140000
300.00000000 2.25000000 0.00140000
301.00000000 2.25070000 0.00140000
302.00000000 2.25140000 0.00140000
303.00000000 2.25210000 0.00140000
304.00000000 2.25280000 0.00140000
305.00000000 2.25350000 0.00140000
306.00000000 2.25420000 0.00140000
307.00000000 2.25490000 0.00140000
308.00000000 2.25560000 0.00140000
309.00000000 2.25630000 0.00140000
310.00000000 2.25700000 0.00140000
311.00000000 2.25770000 0.00140000
312.00000000 2.25840000 0.00140000
313.00000000 2.25910000 0.00140000
314.00000000 2.25980000 0.00140000
315.00000000 2.26050000 0.00140000
316.00000000 2.26120000 0.00140000
317.00000000 2.26190000 0.00140000
318.00000000 2.26260000 0.00140000
319.00000000 2.26330000 0.00140000
320.00000000 2.26400000 0.00140000
321.00000000 2.26470000 0.00140000
322.00000000 2.26540000 0.00140000
323.00000000 2.26610000 0.00140000
324.00000000 2.26680000 0.00140000
325.00000000 2.26750000 0.00140000
326.00000000 2.26820000 0.00140000
327.00000000 2.26890000 0.00140000
328.00000000 2.26960000 0.00140000
329.00000000 2.27030000 0.00140000
330.00000000 2.27100000 0.00140000
331.00000000 2.27170000 0.00140000
332.00000000 2.27240000 0.00140000
333.00000000 2.27310000 0.00140000
334.00000000 2.27380000 0.00140000
335.00000000 2.27450000 0.00140000
336.00000000 2.27520000 0.00140000
337.00000000 2.27590000 0.00140000
338.00000000 2.27660000 0.00140000
339.00000000 2.27730000 0.00140000
340.00000000 2.27800000 0.00140000
341.00000000 2.27870000 0.00140000
342.00000000 2.27940000 0.00140000
343.00000000 2.28010000 0.00140000
344.00000000 2.28080000 0.00140000
345.00000000 2.28150000 0.00140000
346.00000000 2.28220000 0.00140000
347.00000000 2.28290000 0.00140000
348.00000000 2.28360000 0.00140000
349.00000000 2.28430000 0.00140000
350.00000000 2.28500000 0.00140000
351.00000000 2.28570000 0.00140000
352.00000000 2.28640000 0.00140000
353.00000000 2.28710000 0.00140000
354.00000000 2.28780000 0.00140000
355.00000000 2.28850000 0.00140000
356.00000000 2.28920000 0.00140000
357.00000000 2.28990000 0.00140000
358.00000000 2.29060000 0.00140000
359.00000000 2.29130000 0.00140000
360.00000000 2.29200000 0.00140000
361.00000000 2.29270000 0.00140000
362.00000000 2.29340000 0.00140000
363.00000000 2.29410000 0.00140000
364.00000000 2.29480000 0.00140000
365.00000000 2.29550000 0.00140000
366.00000000 2.29620000 0.00140000
367.00000000 2.29690000 0.00140000
368.00000000 2.29760000 0.00140000
369.00000000 2.29830000 0.00140000
370.00000000 2.29900000 0.00140000
371.00000000 2.29970000 0.00140000
372.00000000 2.30040000 0.00140000
373.00000000 2.30110000 0.00140000
374.00000000 2.30180000 0.00140000
375.00000000 2.30250000 0.00140000
376.00000000 2.30320000 0.00140000
377.00000000 2.30390000 0.00140000
378.00000000 2.30460000 0.00140000
379.00000000 2.30530000 0.00140000
380.00000000 2.30600000 0.00140000
381.00000000 2.30670000 0.00140000
382.00000000 2.30740000 0.00140000
383.00000000 2.30810000 0.00140000
384.00000000 2.30880000 0.00140000
385.00000000 2.30950000 0.00140000
386.00000000 2.31020000 0.00140000
387.00000000 2.31090000 0.00140000
388.00000000 2.31160000 0.00140000
389.00000000 2.31230000 0.00140000
390.00000000 2.31300000 0.00140000
391.00000000 2.31370000 0.00140000
392.00000000 2.31440000 0.00140000
393.00000000 2.31510000 0.00140000
394.00000000 2.31580000 0.00140000
395.00000000 2.31650000 0.00140000
396.00000000 2.31720000 0.00140000
397.00000000 2.31790000 0.00140000
398.00000000 2.31860000 0.00140000
399.00000000 2.31930000 0.00140000
400.00000000 2.32000000 0.00140000
401.00000000 2.32070000 0.00140000
402.00000000 2.32140000 0.00140000
403.00000000 2.32210000 0.00140000
404.00000000 2.32280000 0.00140000
405.00000000 2.32350000 0.00140000
406.00000000 2.32420000 0.00140000
407.00000000 2.32490000 0.00140000
408.00000000 2.32560000 0.00140000
409.00000000 2.32630000 0.00140000
410.00000000 2.32700000 0.00140000
411.00000000 2.32770000 0.00140000
412.00000000 2.32840000 0.00140000
413.00000000 2.32910000 0.00140000
414.00000000 2.32980000 0.00140000
415.00000000 2.33050000 0.00140000
416.00000000 2.33120000 0.00140000
417.00000000 2.33190000 0.00140000
418.00000000 2.33260000 0.00140000
419.00000000 2.33330000 0.00140000
420.00000000 2.33400000 0.00140000
421.00000000 2.33470000 0.00140000
422.00000000 2.33540000 0.00140000
423.00000000 2.33610000 0.00140000
424.00000000 2.33680000 0.00140000
425.00000000 2.33750000 0.00140000
426.00000000 2.33820000 0.00140000
427.00000000 2.33890000 0.00140000
428.00000000 2.33960000 0.00140000
429.00000000 2.34030000 0.00140000
430.00000000 2.34100000 0.00140000
431.00000000 2.34170000 0.00140000
432.00000000 2.34240000 0.00140000
433.00000000 2.34310000 0.00140000
434.00000000 2.34380000 0.00140000
435.00000000 2.34450000 0.00140000
436.00000000 2.34520000 0.00140000
437.00000000 2.34590000 0.00140000
438.00000000 2.34660000 0.00140000
439.00000000 2.34730000 0.00140000
440.00000000 2.34800000 0.00140000
441.00000000 2.34870000 0.00140000
442.00000000 2.34940000 0.00140000
443.00000000 2.35010000 0.00140000
444.00000000 2.35080000 0.00140000
445.00000000 2.35150000 0.00140000
446.00000000 2.35220000 0.00140000
447.00000000 2.35290000 0.00140000
448.00000000 2.35360000 0.00140000
449.00000000 2.35430000 0.00140000
450.00000000 2.35500000 0.00140000
451.00000000 2.35570000 0.00140000
452.00000000 2.35640000 0.00140000
453.00000000 2.35710000 0.00140000
454.00000000 2.35780000 0.00140000
455.00000000 2.35850000 0.00140000
456.00000000 2.35920000 0.00140000
457.00000000 2.35990000 0.00140000
458.00000000 2.36060000 0.00140000
459.00000000 2.36130000 0.00140000
460.00000000 2.36200000 0.00140000
461.00000000 2.36270000 0.00140000
462.00000000 2.36340000 0.00140000
463.00000000 2.36410000 0.00140000
464.00000000 2.36480000 0.00140000
465.00000000 2.36550000 0.00140000
466.00000000 2.36620000 0.00140000
467.00000000 2.36690000 0.00140000
468.00000000 2.36760000 0.00140000
469.00000000 2.36830000 0.00140000
470.00000000 2.36900000 0.00140000
471.00000000 2.36970000 0.00140000
472.00000000 2.37040000 0.00140000
473.00000000 2.37110000 0.00140000
474.00000000 2.37180000 0.00140000
475.00000000 2.37250000 0.00140000
476.00000000 2.37320000 0.00140000
477.00000000 2.37390000 0.00140000
478.00000000 2.37460000 0.00140000
479.00000000 2.37530000 0.00140000
480.00000000 2.37600000 0.00140000
481.00000000 2.37670000 0.00140000
482.00000000 2.37740000 0.00140000
483.00000000 2.37810000 0.00140000
484.00000000 2.37880000 0.00140000
485.00000000 2.37950000 0.00140000
486.00000000 2.38020000 0.00140000
